1000 1000
687482052
388369126
392456243
574984024
954441482
817679375
436411869
974351192
315530399
822279152
568271940
347147876
63690248
434070356
934413123
137978923
778165945
351607065
149773895
797776263
549361005
291641455
96327859
645748334
10074616
215324417
230377379
781341778
556794754
662935702
652155400
264427933
456676861
457795652
133504172
433501351
781743025
914100820
758999891
131160051
491792821
743007498
48085262
624217742
689334328
730866025
588560893
516705658
288330338
268043812
309458219
985138043
746840582
315981320
541171087
532598760
101830077
277952158
174242509
977003485
686643800
821701673
568484691
743671298
107696108
821544323
730945288
880356554
607933619
415854275
632539744
571549741
261717238
744925254
63673263
411809818
997881495
837001068
411910783
924420064
739077631
123153132
659268843
129180870
198968157
703332823
196034322
554942656
587287876
874940142
206156564
526154126
953069925
185920114
877365612
470319332
209626679
604719789
356864950
634420088
646197525
738709699
597484972
568974000
172736934
157112297
559744491
267048166
260185772
380921226
377563089
952833670
722393400
190411252
772236457
911561012
224704065
201863727
941364006
982904197
242009659
720157200
119306624
214968095
895248865
795294679
621058293
342861388
792094085
963973404
318147162
19725619
468281468
372704932
748177221
330484635
881071950
41393089
226816247
556796303
842635578
447055145
464810108
825312882
511257278
268884073
48679485
854792953
158100334
5319051
442373628
425875742
19007762
934295735
995675081
589344675
759179049
769475458
659235128
785055000
292401976
453699703
883044022
472246887
782697027
201662485
830913689
326566412
578858487
652384148
104974101
641332263
293708409
749266950
245340804
28812178
515162187
777116233
91812235
355518461
729031
701739474
325478126
507428528
439405056
903056219
140250095
710360191
386543162
594073238
811121665
127608755
728749675
680332266
493009667
934683946
542258099
864902591
111959169
686138117
736964025
858342517
594626299
854344380
299752479
866104034
769088851
548739817
204359530
628408616
565058243
982999274
605706563
465895309
763586480
6184839
117301867
157995590
184244507
793429070
648144433
435119643
607652178
206792178
964889887
615013951
104702748
418113918
350477553
63249331
9181432
205520785
166944472
975947596
840114160
847664348
599422703
408420849
181166750
636981071
92768115
248338392
874372158
263781345
808576313
33970574
708542150
391965854
927842837
531331707
800992916
723745108
289116170
258251106
512703958
483635890
986956990
442787407
522392531
60364791
210279165
642299997
635285312
748085626
566353247
567098663
993748403
82553047
545615023
501319127
812442724
804449879
64000278
744408068
814362335
155583839
149625374
669601401
290247374
266385155
655152240
400991995
664084950
345217835
308936057
852877741
21292266
547814343
455302672
634960130
234007363
892475962
592962463
905440618
863508638
858069166
947908177
128775449
404909898
278877622
415302743
250901480
523031376
51983562
870835697
6565718
933008316
737105832
333721229
772065701
899237521
938943372
80158215
759383953
721287038
227085916
55186383
185719367
162979245
952910108
897519010
954724640
319704987
602829823
876515917
319435152
287984596
336901875
592223127
802089031
815146764
92165369
784288705
810370439
890730385
767474185
890812430
195008255
898343816
534614813
304401392
281941564
979556472
566456465
94019811
309805176
81560439
503659503
32304298
530460953
208521279
649864137
38807927
390529128
359334141
572714056
101803895
136376855
638259637
881109134
348670348
724156790
330309262
501310197
375093607
561626057
382286611
164817211
726699363
72758409
603910784
437270700
822831324
323593129
757989776
751551124
227765808
90487720
170284127
520772012
355089973
448506589
498201596
354468308
716275949
575236092
761185050
228292851
802896773
885068024
134757705
450311279
380935414
799243574
11506151
785204235
558077741
581179616
922856074
923731090
554299711
107474225
180652898
756207270
825691567
428311160
911013712
758686537
272445910
566349128
85646088
604740631
913519230
547200856
948889094
803079643
895563662
436613209
833961155
977797349
842476668
533280721
238529712
102993810
648128615
248365989
975452143
533122790
351491568
185124588
534457199
447350973
948286141
75062991
213226544
479409562
185565688
908206882
580776311
323780346
550283124
834279397
35629188
511864857
359358515
661567260
36836660
658549936
729429103
222822036
160692616
304664874
1957700
466139943
282274486
103715695
76558038
12956468
34122860
585124063
249364318
106088488
422625520
115290004
593872608
97169101
182677234
827176240
784657687
344045467
759959395
10887212
627152186
294817624
808448829
299008032
527376709
818881365
285369935
832621177
4659874
24975803
167972817
999577875
79399675
736607699
272693645
340036263
438724393
718667606
214685572
200447392
669018753
149704452
71002176
445215350
876161830
580604167
105945827
844222819
175220066
912301907
485844541
811469578
438872785
270189652
510837550
193842496
994797961
200701090
785049382
501548179
821867554
162093811
4136560
244436122
7403094
759895050
457292541
250284573
172528893
898094241
800242121
334377407
404049654
863923201
261828533
454518481
10420726
703918272
803607678
796184778
834977148
940686021
741373769
841213888
489533921
219078395
184029702
382020496
183414994
97883908
22106743
183014611
310470471
854700136
203765993
794640919
762434708
527245019
610112502
832447207
359306630
574856356
467752705
358212004
106179565
661897004
170009073
191344468
745099501
406266563
876035749
892476244
85171423
224303240
950040004
486805272
568022925
747976652
585042049
501446310
325655889
853268976
48916773
114891863
309052597
734187788
254357178
839538061
81486070
144174212
8367623
275458163
228977926
671375157
209771073
137047547
623550626
105619426
949312575
508749927
580601557
993589207
107440437
497409324
731075217
597445786
758704626
867887117
184626319
895216710
320877922
270899911
652469388
770299339
376926240
405264653
993726723
823945452
962342953
333957565
105391128
706629587
514507251
3938607
436016462
283652551
372559380
309184267
667548105
584410358
529443801
35595813
37732860
806430951
897553196
233355363
176627366
63333230
360008645
653372693
362575512
721718840
175174026
763850307
77509330
774604247
761505607
361695119
850453872
886291681
90382553
315269905
829466877
418372528
103634888
169318089
174263369
739346920
39054880
899184244
284570145
293269797
378317948
537908158
343077401
573771670
218881248
479318215
888871037
179589531
384970249
928609624
574662078
169589464
44602879
115424051
221651398
722700557
113407445
430904676
52074366
43770231
551658673
977624795
329115350
503997101
980778107
721188092
840043410
212950662
313639395
911734171
413566703
258733377
423413030
74073530
870622311
192195892
771481071
960490561
408486192
919179219
728884300
595937837
641908893
272640406
446084673
860469775
199766112
766315094
619789022
161205802
408450299
584783559
24854097
586459964
112010233
452880596
572745491
364878848
767523655
759217326
522194661
841729054
470668108
491024126
412347128
896963422
90050976
519012967
877030353
881601434
343656133
329240069
310322400
633628875
598755771
741095992
588740456
97260554
784261463
498768811
349211994
431248450
687063465
890844609
626906978
650683173
581269552
990892629
157507247
247412128
426095245
46526353
813142516
951243636
110880646
220377103
307035733
543640187
323701457
757849479
56800803
922780496
330371423
469116801
464798728
688461098
786747999
876441443
648776500
878215285
896138864
424876550
291869780
207751751
702614906
375405858
518621761
288375330
643373585
99855938
689418605
87787622
183007586
38832199
732967084
921637225
866091518
795832856
899779850
542245662
258314885
487881453
423151347
62471233
26037349
725110838
381757806
457857655
84464495
648446937
423727074
858806444
687721910
336016725
867224020
198757134
789233570
967995805
741008206
500891887
835722894
771729851
415945691
902962438
199814850
755795888
590801665
65496317
488404929
266455840
378974410
595346105
216737812
916870306
475147730
106315394
998048970
517938521
242377102
679470239
948175607
386864649
27529497
819327327
499508585
452661707
505722086
834911244
293967033
71551484
256470947
844959967
404476998
395590819
515147033
601393737
823310534
883150902
96951035
988367443
177899236
272051518
425024976
639152618
428268006
311973453
835605978
483002777
465096188
294269450
322461918
337727728
262192830
876356522
963003559
433769923
778069993
789314767
661870378
9442541
505955973
34775776
498239883
592237199
24894689
319204779
760093787
947227052
923642783
660815387
459310520
579551438
166785584
77337221
816004586
6766098
314281193
803371738
255711706
993069296
835010639
86279206
418860105
353098359
116467439
424705850
216549189
226272438
759846694
882663560
507516274
760879352
249917152
532678412
706829597
952098221
334204614
739798209
267154750
101841179
551279278
2108448
447222712
440652497
644014203
588006166
207575370
162674517
896354609
887071815
547548940
495617649
903879463
535674725
115099065
286797608
989600874
387898248
83564330
242797709
656668552
676018804
849118657
868345840
436323582
216035882
519916767
953318995
305596235
78899211
438567268
215254843
74943790
626976893
324390029
527484079
507822223
626043569
121773861
129763905
880346503
866303056
629164468
801190750
360088225
142379002
250596691
874926803
407963180
99420568
565808554
218179681
639933023
316538613
783321861
574145675
941024734
451149517
812360990
495074658
758435123
717269968
786412717
235644799
595383918
526199578
232629895
992938468
777788257
324635494
808264725
963682859
730240397
806651295
588195836
130504078
669264411
268853516
942024369
45217962
507171579
52239893
63086644
21419014
268874341
562537822
264730319
732256881
339339522
439488701
813261745
104632795
920937979
242548951
37922466
838280455
3 737 898388799
3 391 307444604
1 485 47
0 273 273
1 158 728
1 438 737
0 479 479
0 350 350
1 625 220
0 778 778
1 354 133
1 411 594
3 887 538884366
0 145 145
0 303 303
2 158 728
2 625 220
1 138 176
2 354 133
0 875 875
1 838 814
0 519 519
1 690 915
0 141 141
0 4 4
0 429 429
0 998 998
2 411 594
0 642 642
3 298 563824382
1 553 583
0 162 162
0 360 360
3 816 488471928
1 347 388
2 438 737
3 841 452180632
1 337 831
3 186 65644639
1 91 57
0 279 279
0 545 545
0 787 787
0 744 744
2 138 176
2 347 388
3 364 919961165
0 139 139
0 414 414
2 485 47
1 180 461
1 549 701
3 778 258894883
0 219 219
1 959 468
3 871 495216915
1 366 411
1 103 804
1 829 854
3 673 644110990
1 242 855
2 838 814
2 180 461
1 313 516
1 621 161
1 90 876
0 342 342
0 623 623
1 458 753
2 829 854
0 559 559
0 976 976
3 995 801333988
0 7 7
2 690 915
0 507 507
0 777 777
1 572 421
0 185 185
2 458 753
0 21 21
0 385 385
0 517 517
1 162 295
0 40 40
2 553 583
1 797 699
1 323 772
0 708 708
1 693 49
3 77 321542768
0 552 552
0 462 462
0 83 83
0 879 879
3 510 388409807
0 475 475
0 32 32
3 495 73139747
0 838 814
0 108 108
0 969 969
3 353 880139113
1 369 520
0 26 26
0 209 209
0 106 106
0 867 867
0 914 914
0 600 600
0 163 163
3 805 214717802
2 621 161
2 162 295
0 517 517
0 92 92
1 737 644
0 490 490
2 91 57
0 901 901
3 32 337182066
1 814 691
2 337 831
2 549 701
2 959 468
3 691 892505366
1 976 248
1 743 725
0 850 850
0 250 250
1 68 626
3 81 245031119
0 740 740
0 609 609
0 347 388
1 477 869
1 368 897
1 313 119
0 605 605
1 381 487
0 895 895
1 63 970
0 350 350
1 904 572
0 307 307
1 384 961
0 323 323
0 615 615
1 529 509
1 678 39
2 381 487
3 692 477068753
0 587 587
3 400 804703329
3 334 448389219
0 770 770
3 141 613907630
0 424 424
0 263 263
3 239 636545839
0 436 436
1 556 542
1 915 471
0 815 815
0 798 798
2 797 699
1 779 155
2 368 897
0 61 61
3 960 958434098
0 772 323
1 632 882
1 845 709
3 677 720917139
2 366 411
1 47 773
0 746 746
0 442 442
3 758 936152619
0 627 627
1 915 11
0 255 255
0 431 431
0 380 380
1 719 174
0 620 620
0 309 309
0 607 607
1 213 764
0 247 247
2 384 961
1 748 537
1 314 451
1 907 797
1 178 319
1 751 605
1 171 873
0 269 269
3 500 937710116
3 332 648099914
1 185 994
0 859 859
0 515 515
0 306 306
2 314 451
1 961 943
1 967 343
3 562 405753251
1 217 241
0 816 816
1 645 766
0 135 135
2 103 804
0 612 612
1 789 685
2 90 876
0 83 83
3 220 507187823
2 748 537
1 590 597
0 220 220
1 72 966
2 323 772
3 283 224917493
0 185 185
1 907 641
3 822 903641145
0 684 684
2 976 248
2 242 855
2 737 644
0 753 753
3 205 508736198
0 126 126
1 46 129
2 369 520
2 719 174
3 585 59150228
0 388 388
1 59 184
0 172 172
2 814 691
2 313 516
2 572 421
1 824 328
0 229 229
0 757 757
1 690 791
0 788 788
0 806 806
0 18 18
1 936 38
0 86 86
1 515 161
2 693 49
0 345 345
0 614 614
3 905 672274179
0 415 415
3 253 355137886
0 261 261
0 334 334
2 59 184
0 168 168
0 351 351
1 801 166
0 574 574
3 289 954015510
0 632 632
1 749 53
0 436 436
3 633 324862584
0 102 102
2 743 725
0 932 932
0 266 266
2 68 626
0 526 526
0 76 76
1 343 838
0 373 373
1 454 500
0 579 579
0 327 327
0 954 954
1 396 490
1 569 4
2 477 869
1 750 323
3 855 618760545
0 803 803
1 789 860
1 502 251
2 907 797
2 313 119
1 236 280
2 63 970
1 29 442
0 813 813
0 282 282
1 58 42
1 603 928
1 270 552
0 560 560
3 293 510068089
1 85 135
1 245 525
1 586 420
1 670 53
0 774 774
1 18 662
2 178 319
1 381 481
1 911 557
0 920 920
3 419 247227740
1 914 603
1 114 739
2 751 605
1 39 564
0 67 67
1 1 533
2 904 572
0 681 681
3 995 624813345
3 313 902531713
1 71 542
1 244 484
0 350 350
1 70 470
1 546 515
1 305 161
1 829 486
0 391 391
0 510 510
2 529 509
3 785 269812030
0 778 778
0 956 956
2 678 39
0 343 967
1 63 608
3 201 134339779
0 255 255
1 736 777
3 925 489792979
1 421 200
1 151 540
2 556 542
0 523 523
1 257 886
1 685 999
3 910 745745508
3 776 553609501
0 282 282
3 346 112530497
0 444 444
2 961 943
3 462 726045101
0 456 456
0 650 650
3 182 24584810
1 164 223
0 222 222
1 621 609
1 961 376
0 480 480
0 340 340
1 590 357
1 1000 718
2 236 280
2 71 542
0 35 35
0 628 628
0 496 496
0 251 502
0 1000 1000
1 915 9
0 287 287
0 739 114
1 612 937
1 882 530
2 245 525
1 294 530
1 328 597
1 43 442
1 432 102
0 928 914
0 475 475
3 185 975563468
0 486 854
2 915 471
1 172 383
2 515 161
3 701 117891075
1 573 182
3 933 558918414
0 872 872
2 967 343
0 355 355
0 76 76
1 122 396
0 847 847
3 435 573200626
1 522 946
1 893 87
0 345 345
0 826 826
2 257 886
1 153 256
1 51 314
0 180 461
0 424 424
0 872 872
1 718 381
3 891 6398098
0 223 164
2 779 155
0 870 870
1 53 505
0 71 542
0 392 392
3 897 842207977
2 789 685
2 632 882
1 867 286
3 249 764009312
0 907 797
0 962 962
1 461 883
2 845 709
2 914 603
1 878 280
0 950 950
2 58 42
2 185 994
1 922 900
0 168 168
0 796 796
2 685 999
1 382 269
0 408 408
2 47 773
1 584 758
2 915 11
2 213 764
3 195 307823556
1 95 198
1 201 969
1 396 451
1 142 411
2 829 486
3 675 976567265
1 897 773
1 247 485
0 707 707
0 228 228
2 897 773
0 768 768
3 82 967855386
1 944 391
3 912 54930900
2 171 873
1 859 934
1 750 131
0 762 762
3 96 467758550
2 217 241
2 343 838
1 718 700
3 801 400734349
1 46 285
2 645 766
0 569 569
3 64 112935938
1 773 89
0 169 169
2 590 597
0 440 440
1 912 370
0 875 875
3 22 428542391
3 521 953470620
0 269 382
2 72 966
1 152 294
1 52 903
1 384 794
0 677 677
0 930 930
0 389 389
0 226 226
3 846 171061147
0 278 278
0 833 833
3 802 185126416
1 847 565
3 523 769436151
3 756 340796303
0 216 216
0 610 610
0 610 610
2 907 641
0 585 585
0 708 708
2 63 608
0 405 405
1 687 457
3 350 105196324
3 668 108759164
1 922 630
0 920 920
1 643 243
0 511 511
0 225 225
0 178 319
0 897 897
3 877 499693889
1 462 285
3 721 769689320
1 522 539
1 293 31
0 848 848
3 884 552289951
0 764 764
0 102 432
0 344 344
0 240 240
0 410 410
1 273 768
2 244 484
3 459 31547908
0 253 253
3 938 474618305
1 279 218
0 858 858
0 890 890
1 866 691
1 950 713
0 752 752
0 528 528
0 225 225
0 245 525
0 970 608
1 470 453
0 222 222
3 628 330400949
1 726 137
3 235 869594090
0 471 11
0 453 70
0 968 968
0 491 491
1 581 541
2 950 713
3 270 792236967
0 451 122
0 747 747
3 782 909156380
0 757 757
0 55 55
0 296 296
0 878 878
1 654 11
1 740 405
3 744 142534985
2 690 791
3 443 222205963
0 698 698
1 442 680
1 519 40
1 459 479
3 647 282775860
1 607 956
0 179 179
0 82 82
1 127 920
1 919 118
1 461 710
0 799 799
2 581 541
1 849 533
0 378 378
0 118 919
0 191 191
3 396 465711617
2 46 129
3 570 715390893
1 744 816
1 268 990
0 449 449
0 729 729
1 349 356
3 590 442051508
1 958 85
3 804 865552549
0 815 815
0 103 804
0 719 174
1 829 143
1 412 898
3 254 409724353
0 785 785
0 612 612
0 310 310
3 417 282123472
1 582 376
3 990 521154479
2 462 285
0 582 582
2 247 485
0 881 881
3 282 732857343
0 766 766
1 339 114
0 533 849
3 861 861856955
2 718 381
0 89 485
3 653 681104979
0 587 587
1 912 929
1 931 609
0 897 897
0 237 237
1 609 898
3 796 334773084
0 118 919
2 824 328
1 937 598
0 818 818
0 430 430
0 918 918
0 915 791
3 833 684278308
3 475 627819075
0 616 616
1 713 342
1 110 755
3 810 678556348
0 478 478
1 702 587
1 502 204
0 176 176
1 894 507
3 39 981475921
3 727 394468043
0 181 181
0 189 189
1 82 78
0 542 542
2 603 928
0 162 295
1 708 527
0 371 371
0 296 296
0 391 944
3 209 487825638
3 524 678326239
0 53 670
3 503 266348542
0 376 582
0 218 279
2 586 420
1 657 207
0 370 912
1 425 841
0 722 722
0 556 556
2 612 937
1 365 402
1 174 229
2 273 768
1 288 571
1 248 306
1 544 327
2 936 38
0 247 485
1 874 714
1 33 639
3 903 955610300
3 961 862706727
1 759 139
0 281 281
3 105 411994542
0 837 837
2 740 405
0 586 420
3 466 471848744
1 792 966
0 82 82
1 542 57
0 751 605
0 323 750
0 769 769
3 497 621715389
0 28 28
0 757 757
3 39 540151856
0 218 279
0 314 122
2 726 137
0 555 555
1 557 352
0 594 142
1 98 210
1 239 696
0 511 511
0 460 460
3 295 868628706
3 677 484222973
2 122 396
2 43 442
3 277 906155283
0 163 163
0 18 18
2 801 166
1 866 372
3 222 811756081
1 281 682
2 749 53
0 983 983
1 324 515
0 692 692
3 979 880385138
2 454 500
1 319 504
1 9 828
2 915 9
1 610 660
0 66 66
2 829 143
3 2 800693360
1 215 482
1 539 363
1 584 101
1 65 33
0 40 519
1 499 406
1 708 710
1 570 799
3 564 674014685
1 95 555
1 615 961
1 361 804
3 291 405291219
0 565 847
1 17 579
1 494 904
3 114 776833153
1 399 1
3 6 731314423
3 303 765622978
0 871 871
3 143 563503955
1 556 713
0 288 288
1 348 199
2 396 490
0 631 631
0 263 263
0 214 214
0 75 75
0 702 702
2 442 680
2 46 285
1 863 220
1 875 562
0 131 750
3 894 470803
0 895 895
0 740 405
1 762 320
1 180 570
1 503 834
2 866 691
0 370 912
2 569 4
0 531 531
0 647 647
0 667 667
1 341 122
1 765 515
0 501 501
2 882 530
1 68 117
2 750 323
1 952 318
0 165 165
3 922 639899317
1 134 32
3 878 280477123
1 74 162
0 718 381
1 116 559
3 639 806670964
0 433 433
0 881 881
2 85 135
3 174 861366451
3 628 913479500
1 42 451
2 542 57
1 428 624
0 106 106
1 479 601
1 106 158
0 821 821
2 381 481
0 375 375
2 270 552
3 462 143097012
1 563 982
2 279 218
1 419 931
0 550 550
2 849 533
1 745 992
1 918 184
0 647 647
0 991 991
3 811 105641591
1 394 39
0 476 476
1 706 475
1 848 194
3 772 530610317
1 768 19
2 750 131
3 412 490042955
3 673 101184963
0 940 940
0 440 440
0 767 767
2 789 860
0 247 485
0 574 574
2 328 597
1 284 200
1 568 760
3 479 194788666
2 582 376
3 674 121898796
0 999 860
0 326 326
3 929 707060551
0 368 897
0 488 488
0 140 140
0 818 818
0 810 810
2 502 251
2 65 33
1 987 417
0 118 919
1 447 360
2 29 442
1 838 620
1 865 12
0 887 887
1 149 525
1 773 469
3 628 205761738
0 756 756
0 908 908
1 18 409
0 188 188
2 519 40
1 467 574
3 183 474226551
1 780 93
3 713 300469210
3 841 38652192
1 915 147
0 904 284
0 152 530
0 259 259
0 533 533
3 957 557888849
1 176 656
1 449 294
0 633 633
1 110 72
1 31 453
3 421 481197388
0 88 88
0 381 481
1 720 101
3 305 306173736
0 743 725
3 877 946608672
3 161 360757142
3 850 270832874
1 347 784
2 670 53
0 668 668
1 758 345
1 482 320
2 494 904
3 423 968432735
0 147 9
0 199 348
3 846 519010803
0 533 533
1 946 180
1 682 788
0 183 183
0 706 706
0 310 310
0 928 928
3 489 263392263
0 717 717
0 133 133
0 494 494
3 582 472858243
3 995 870023033
1 959 686
3 1 535916928
0 118 919
1 332 405
0 1000 481
2 847 565
2 18 662
1 589 483
1 211 503
0 797 641
0 92 92
0 204 251
0 307 307
1 345 952
0 819 819
2 164 223
1 173 988
1 243 333
0 919 919
1 669 277
0 518 518
3 561 8401392
0 848 848
0 862 862
2 911 557
0 414 414
0 440 440
1 411 473
2 859 934
3 276 35283028
3 734 348800844
0 604 604
1 350 702
2 589 483
0 915 9
2 758 345
3 106 144633849
0 586 420
2 114 739
1 837 168
0 533 533
1 8 687
1 118 587
1 964 313
2 39 564
0 319 319
0 827 827
1 510 105
0 208 208
0 574 467
3 116 973799848
0 599 599
1 163 131
1 568 495
1 737 146
0 670 53
1 599 212
0 169 169
3 438 948481015
2 1 533
1 104 491
1 599 851
3 783 557959130
1 433 514
1 75 932
3 730 661290374
1 950 751
2 70 470
2 584 101
0 843 843
0 42 42
1 530 52
1 378 346
3 658 577763052
0 43 442
1 9 105
0 564 564
0 840 840
1 72 350
0 908 908
0 687 8
1 701 852
0 238 238
0 748 537
