1000 1000
12 19 31 94 27 79 77 85 92 98 6 91 40 43 80 46 28 5 80 22 68 22 26 10 30 57 83 84 29 78 19 25 98 71 60 8 45 77 73 9 31 21 55 24 66 45 65 55 10 74 58 29 47 98 80 92 99 36 74 70 69 23 59 78 81 53 85 45 75 42 7 43 26 39 59 13 10 75 26 90 18 11 93 13 49 96 48 53 67 3 21 68 70 92 63 28 47 60 43 63 31 80 47 48 22 13 61 42 7 81 75 13 44 97 37 11 90 33 6 88 72 17 38 57 17 29 98 94 28 88 70 10 27 84 9 91 74 33 15 54 57 63 71 32 60 76 9 86 11 7 17 38 57 34 10 78 52 54 86 4 34 32 38 59 3 26 100 49 50 56 71 50 16 69 95 28 47 61 2 87 83 99 31 10 79 46 24 23 18 75 1 27 87 54 91 42 57 95 45 38 27 7 86 85 41 95 51 24 100 62 76 25 39 74 14 61 69 9 6 79 48 13 72 39 86 13 40 46 19 29 24 77 28 72 52 8 11 21 59 13 91 21 63 65 1 74 23 83 43 43 82 22 72 70 78 20 8 2 34 80 49 82 1 99 89 41 33 90 39 76 91 67 69 12 31 31 27 65 98 75 21 36 17 85 81 67 21 93 43 43 25 83 61 88 60 39 23 65 24 60 27 34 10 29 97 45 47 70 33 85 2 45 76 40 43 28 59 5 87 90 25 61 37 12 73 33 73 46 53 31 63 6 9 56 61 48 47 91 52 86 29 64 49 42 51 75 32 30 55 34 17 80 66 44 26 50 57 84 63 67 15 57 88 35 81 19 80 15 3 54 59 76 21 9 5 22 6 90 55 64 76 20 39 11 89 48 87 6 51 21 43 31 58 26 40 83 97 77 51 31 62 38 78 92 76 76 59 48 10 35 90 93 94 45 97 66 30 58 54 12 85 11 9 38 5 54 63 76 75 72 82 68 63 14 93 78 23 37 19 89 78 59 15 70 38 75 59 5 33 28 57 87 18 68 45 27 60 21 72 59 95 91 65 5 95 84 22 32 85 15 77 57 35 75 47 7 3 52 44 62 59 76 37 11 7 55 55 79 71 75 17 75 27 37 79 94 17 16 55 81 46 80 12 3 51 98 6 3 41 42 89 79 75 16 66 90 31 48 94 17 99 28 20 85 77 32 25 100 41 40 85 39 86 20 25 51 76 71 11 51 37 88 90 100 29 2 55 81 34 43 7 70 47 60 70 44 40 11 19 55 51 25 72 78 14 1 5 2 37 40 56 2 33 82 91 18 81 13 18 71 56 16 22 41 32 79 95 98 41 26 69 70 80 67 16 96 65 8 22 96 39 48 3 93 36 100 56 61 100 29 37 66 62 60 23 39 48 30 90 11 31 41 98 26 71 62 85 78 4 73 100 80 97 70 49 23 11 34 4 32 2 97 33 66 15 45 78 84 33 87 89 81 26 72 20 82 77 43 50 71 21 80 89 43 7 16 30 45 88 24 9 7 13 63 30 60 3 32 42 31 39 23 62 21 34 19 97 67 96 32 52 40 70 58 51 44 42 57 82 6 22 58 25 71 39 70 51 64 79 58 61 48 24 47 14 5 60 26 14 21 42 27 35 80 35 21 7 88 84 33 80 7 33 8 65 52 95 94 94 13 54 77 25 40 66 29 89 65 35 25 11 55 35 18 15 73 90 99 61 18 32 48 69 8 98 27 92 14 42 11 57 36 68 59 19 55 81 7 31 89 20 93 43 21 73 99 40 23 41 2 73 83 23 74 62 60 60 85 92 28 18 29 9 84 90 90 42 12 31 52 55 56 69 56 88 81 70 92 65 99 20 56 51 75 11 48 9 36 20 67 67 10 77 89 90 2 19 72 52 8 58 63 15 34 32 91 44 68 49 87 80 53 21 72 94 93 59 68 62 35 40 6 74 13 79 61 72 21 43 88 19 43 82 78 97 52 53 91 92 57 43 71 11 96 34 5 88 74 75 3 15 78 82 84 25 1 31 82 2 66 51 37 8 60 97 28 94 94 38 26 4 62 67 68 87 33 42 33 35 33 12 22 90 80 98 3 48 41 17 93 61 53 90 33 63 75 81 81 65 67 89 90 36 39 9 94 43 55 58 75 60 23 33 51 52 42 34 5 27 41 33 92 34 85 68 75 20 13 53 33 44 36 34 18 63 53 6 69 13 15 21 71 38 3 82 59 33 60 36 24 29 55 24 49 38 27 26 7 31 6
546 748
497 892
465 563
508 882
36 277
552 571
431 841
510 803
80 175
417 469
907 971
737 879
105 198
36 862
125 358
303 757
90 934
162 380
169 594
109 179
861 902
458 699
421 621
633 652
358 394
32 90
106 512
285 687
108 705
351 903
141 762
479 898
251 840
839 977
481 974
312 986
549 892
612 786
163 313
369 412
60 875
10 429
814 973
10 311
501 978
217 582
258 379
658 991
95 829
462 686
569 712
715 755
495 747
370 771
35 293
678 731
875 980
773 802
133 196
385 669
17 97
394 629
16 29
190 551
479 479
539 769
49 511
251 590
183 792
542 597
485 777
284 863
668 802
577 681
151 486
262 366
215 236
491 522
187 674
363 540
213 929
767 983
699 753
168 349
593 693
559 951
514 804
261 699
385 731
734 776
351 894
580 678
632 958
1 545
194 236
301 984
502 695
25 737
497 836
194 863
711 794
270 794
414 568
4 502
257 480
255 558
602 697
459 461
406 679
268 498
633 681
388 802
206 623
258 598
9 179
140 481
423 913
750 850
503 777
597 747
24 702
644 835
575 816
181 402
319 472
35 932
493 649
537 988
10 569
567 738
538 607
764 990
3 854
19 268
432 787
128 290
192 890
10 801
229 419
482 796
289 492
16 800
196 728
12 635
152 521
339 873
242 696
920 984
229 834
1 212
392 488
468 805
405 545
655 682
292 963
358 903
740 993
177 717
40 843
482 733
307 868
507 862
266 487
689 748
172 916
599 929
655 902
489 956
735 882
372 814
510 580
751 798
10 928
591 796
269 583
206 435
887 940
106 526
411 971
178 609
39 404
459 687
309 311
28 432
83 664
440 733
374 949
235 754
478 652
36 665
314 420
512 594
847 904
278 573
365 395
156 990
219 336
407 796
58 291
322 822
340 577
700 710
417 777
379 739
113 308
710 761
51 902
474 836
602 840
80 784
332 867
492 740
166 287
640 793
102 601
27 54
158 456
59 479
776 845
368 631
360 939
45 418
527 943
300 650
909 936
536 574
20 439
51 637
465 851
2 261
165 781
397 448
48 351
434 522
644 723
737 791
492 905
247 350
310 614
792 996
46 929
416 768
381 456
850 974
1 460
798 844
377 950
480 830
138 372
116 173
60 810
10 280
149 573
310 780
411 920
3 33
29 268
237 806
86 295
230 873
748 910
23 796
252 681
170 938
305 565
361 631
794 920
561 835
35 928
742 943
278 878
469 973
598 980
364 510
254 723
49 470
122 392
672 900
271 958
149 712
156 544
744 1000
291 799
186 372
203 980
182 472
663 735
44 1000
662 676
408 675
436 455
482 646
534 943
33 330
285 608
554 706
607 835
27 498
27 78
419 686
70 984
451 811
380 662
681 730
19 150
75 602
59 240
366 611
17 964
1 22
66 311
733 945
511 633
168 594
379 394
102 166
222 938
120 180
363 548
865 932
60 517
78 276
679 841
53 517
146 917
437 869
442 970
394 699
187 809
323 400
311 640
404 564
194 573
478 610
806 935
328 500
512 927
260 613
8 474
367 717
563 810
216 580
162 343
164 308
777 791
203 691
263 375
221 967
459 517
14 621
512 901
141 907
487 525
428 560
758 803
92 682
671 799
261 808
345 495
721 752
312 563
314 744
391 659
245 355
62 207
308 544
463 720
95 969
431 571
82 662
245 730
70 195
11 583
22 437
39 472
415 701
520 950
457 537
604 872
351 894
120 453
433 603
4 677
187 825
203 515
567 848
259 590
10 930
350 477
152 911
757 771
255 934
131 525
244 760
648 931
334 748
131 294
520 794
489 500
281 740
135 947
373 426
1 687
88 854
103 286
560 714
634 801
97 529
219 359
546 838
375 864
22 649
671 833
414 928
552 938
515 695
566 896
477 518
149 528
47 364
733 919
294 950
25 502
318 716
203 784
627 868
237 940
154 875
254 380
107 894
222 330
41 490
203 861
270 283
750 858
69 705
147 516
706 874
282 426
114 295
255 365
407 745
197 523
103 365
53 963
127 571
111 505
140 253
364 414
531 862
99 549
539 920
14 62
15 243
166 325
441 665
310 669
310 694
715 930
89 201
39 258
770 831
251 550
539 728
788 848
310 509
216 893
193 223
132 256
74 869
716 815
234 943
148 175
658 727
804 834
146 183
27 634
39 137
861 975
168 682
519 990
739 998
94 889
702 887
656 960
390 668
188 512
46 917
355 854
323 678
455 471
793 919
681 828
239 637
341 555
738 859
108 609
352 456
95 312
364 390
649 895
147 712
54 353
34 73
34 381
962 978
91 391
519 737
210 942
61 626
227 235
160 867
182 238
579 879
59 530
191 953
219 647
280 780
2 273
454 712
618 938
109 780
620 736
5 603
365 842
830 986
71 390
266 390
134 325
408 925
20 164
112 871
74 191
309 357
137 400
101 273
495 898
415 417
407 869
229 716
526 978
46 257
361 604
782 969
193 856
398 750
490 965
219 641
376 579
679 999
600 968
315 495
594 770
480 961
82 495
215 914
658 828
39 373
65 357
192 620
864 919
167 974
303 814
152 372
424 872
55 105
170 950
828 863
410 805
82 371
856 883
739 887
92 179
630 771
591 834
232 469
459 473
133 875
302 881
766 781
294 570
5 861
267 358
293 395
327 651
71 525
506 648
26 330
539 744
289 835
378 796
454 748
531 845
652 858
299 589
2 265
258 586
544 601
192 933
100 901
325 592
31 325
433 694
732 802
158 772
668 688
30 54
170 761
48 860
63 103
606 696
358 885
597 662
489 551
573 764
134 993
54 456
50 238
278 523
141 995
38 655
5 470
118 756
247 714
175 752
398 554
64 881
522 577
375 438
549 872
175 879
129 888
240 911
678 719
562 903
55 844
170 329
626 919
686 797
202 226
276 701
273 708
618 791
591 629
221 670
492 891
666 852
174 514
130 709
158 832
13 306
328 990
112 773
77 384
273 412
558 900
31 253
560 956
2 964
301 681
163 554
5 779
644 698
477 670
212 506
677 987
526 947
636 781
258 736
864 943
484 916
844 865
652 793
268 386
479 787
27 260
23 866
84 460
723 797
365 564
486 823
449 491
43 69
303 446
378 576
64 472
581 880
179 650
790 879
42 671
289 345
322 479
48 409
277 761
270 686
45 288
201 842
418 521
721 917
92 998
382 815
756 763
679 931
304 456
97 749
592 951
435 804
107 841
603 706
203 503
366 795
137 812
694 804
13 527
110 410
87 423
405 664
615 846
618 816
572 868
398 839
117 403
453 942
261 953
609 635
107 874
241 621
199 858
509 649
685 931
76 908
118 261
409 950
372 916
35 624
550 551
30 222
237 310
49 275
184 593
358 848
48 542
362 964
234 304
221 598
474 557
73 644
441 543
761 867
523 703
300 393
208 990
73 601
201 320
211 950
178 699
273 778
322 859
481 781
332 395
485 770
574 673
612 619
188 794
431 527
175 548
478 843
228 256
689 743
48 280
319 798
460 821
257 451
467 608
263 802
57 199
198 884
495 618
73 967
15 237
95 404
164 894
40 893
719 750
580 784
75 615
149 465
366 847
299 485
454 985
251 409
236 282
873 955
49 334
90 547
83 584
201 345
478 722
19 817
808 851
76 612
413 601
780 904
233 265
30 306
725 853
106 623
196 237
569 830
169 325
527 601
467 694
568 742
215 732
356 655
662 959
795 969
507 802
209 527
36 611
220 966
253 534
309 946
195 485
110 266
364 821
243 981
336 792
21 120
582 743
611 673
452 696
610 718
393 878
382 706
612 624
287 393
749 837
187 484
327 835
221 428
182 463
621 697
752 808
113 886
63 591
257 366
568 991
219 807
8 418
765 906
20 46
760 939
241 551
198 818
14 836
218 638
524 912
171 774
515 853
490 497
516 961
284 622
303 631
376 740
994 999
904 954
111 889
533 803
201 779
35 439
459 778
223 721
98 171
321 696
611 685
333 559
508 894
562 597
14 101
551 750
442 575
467 632
71 824
800 961
332 922
119 256
539 970
184 583
382 843
339 483
432 649
481 855
492 769
85 929
569 970
62 64
161 379
86 739
509 857
237 351
224 719
796 927
653 797
239 854
99 971
513 584
10 208
446 946
72 343
82 931
612 884
439 838
230 898
537 699
465 555
116 463
10 196
54 780
418 648
77 758
235 636
412 702
551 948
471 501
536 984
678 937
469 475
601 756
467 645
169 349
330 739
14 552
194 234
229 772
670 994
50 462
243 510
197 698
138 803
284 614
684 770
10 104
85 681
147 496
155 886
496 732
178 226
192 636
360 855
521 842
220 781
78 710
308 691
340 966
367 489
36 871
454 942
343 374
4 668
46 139
544 989
132 404
59 394
104 685
210 335
479 951
737 935
57 183
52 969
219 368
732 813
61 747
475 805
365 718
25 806
20 994
233 267
42 247
684 714
577 673
191 659
251 911
824 898
460 895
136 256
155 733
405 440
129 264
49 216
121 281
564 908
606 701
292 481
115 829
725 762
491 895
624 930
287 305
170 631
