1000 1000
431 466 882 104 475 526 835 365 124 93 696 142 17 835 895 18 794 411 66 411 175 369 379 668 690 799 832 843 898 622 175 763 673 215 659 909 208 114 655 928 402 631 34 166 287 140 37 817 538 639 833 118 572 931 676 528 818 696 197 168 501 134 390 804 921 698 978 766 104 469 943 783 31 489 589 316 169 950 23 15 363 84 250 120 961 953 692 406 383 837 799 576 177 20 550 497 591 395 519 148 563 583 842 532 637 755 985 984 217 33 120 157 527 403 774 315 540 561 700 284 231 173 814 499 663 494 128 618 779 674 676 910 49 488 985 703 523 404 949 106 118 356 6 249 269 907 965 679 575 924 460 772 428 706 289 143 525 45 852 869 796 255 478 149 858 719 259 286 208 70 153 163 320 392 457 462 973 726 557 498 928 642 755 941 949 858 985 262 933 896 9 116 941 977 63 576 654 245 345 667 966 663 142 178 408 118 506 121 311 410 393 606 993 354 162 256 58 638 766 152 349 777 608 454 955 801 47 911 165 74 714 925 212 56 100 256 796 12 209 20 635 96 487 379 600 438 744 412 394 942 903 723 607 614 752 371 31 40 846 186 951 182 95 69 650 169 154 43 733 754 645 110 978 272 800 503 575 236 662 497 887 785 308 361 370 377 498 516 113 891 355 514 173 585 704 802 128 345 769 502 299 298 382 807 890 314 91 748 109 597 259 528 376 769 70 833 902 768 230 768 289 909 574 782 53 962 852 220 478 978 353 366 407 330 86 152 68 486 601 425 762 873 976 983 685 148 381 148 531 691 819 168 936 765 912 190 952 803 804 883 516 650 953 221 799 276 370 648 497 635 441 855 622 152 972 736 87 531 376 393 417 860 929 146 572 18 953 251 991 794 919 512 970 994 489 426 821 830 181 727 303 498 596 205 913 257 968 355 68 878 64 968 88 649 250 368 702 581 616 788 425 896 510 754 856 66 826 885 647 889 181 750 599 395 761 723 923 982 940 335 333 805 860 585 600 12 955 658 583 950 534 169 109 36 448 722 799 273 932 351 55 852 362 4 482 534 201 897 4 925 887 100 34 743 821 733 913 331 551 998 614 45 210 307 429 184 630 150 477 609 182 583 347 393 973 705 959 779 660 64 412 119 602 770 772 782 411 211 283 263 795 606 178 369 789 193 671 970 207 8 715 488 897 421 501 382 982 998 557 41 449 871 395 867 132 858 433 360 733 900 798 431 938 554 413 547 822 595 653 67 892 656 858 375 732 17 20 196 220 954 718 657 361 974 874 211 782 107 747 806 67 454 147 965 554 912 134 92 270 594 558 651 117 916 393 158 520 300 240 251 240 573 865 547 523 878 295 157 415 885 264 264 30 612 616 495 939 378 69 330 733 349 402 634 641 238 327 76 500 277 633 627 849 320 870 983 472 862 476 754 152 25 682 301 950 883 559 622 950 111 1 781 682 564 33 128 713 838 582 491 553 269 199 443 184 282 589 429 919 54 295 18 137 286 912 839 26 861 926 986 467 200 92 783 533 719 131 284 604 18 597 345 199 835 306 789 869 11 558 861 449 823 2 933 537 588 617 380 99 912 967 891 625 660 789 790 344 375 208 223 379 316 723 239 597 687 154 791 551 987 65 214 822 152 139 755 544 315 375 317 417 255 832 449 585 899 917 148 272 635 144 569 126 427 762 893 852 777 775 778 670 619 310 9 669 801 852 243 608 12 745 698 403 111 203 507 299 325 586 783 424 684 348 450 420 512 801 611 403 370 33 46 155 242 477 350 30 75 884 359 502 614 503 386 585 786 359 114 205 971 821 280 310 248 130 194 397 586 304 585 635 809 393 698 262 353 734 997 355 357 579 333 957 826 641 367 900 896 948 590 306 796 630 806 778 65 331 400 218 433 487 126 571 446 149 40 198 142 930 61 961 575 808 133 259 439 63 279 692 599 681 759 624 992 237 187 157 255 160 173 299 461 782 899 876 18 430 878 268 267 359 544 347 202 813 465 488 477 961 579 480 833 568 413 672 376 547 61 343 408 655 586 79 775 69 456 621 964 429 757 263 240 838 796 879 788 201 304 445 892 671 379 121 149 520 847 753 459 446 493 943 502 922 212 23 406 677 701 752 109 472 725 1000 571 328 522 101 896 876 825 26 797 282 911 414 108 746 862 963 217 272 363 438 521 199 366 386 546 684 658 386 51 417 797 551 166 539 546 966 699 575 709 78 999 560 222 32 580 820 458 656 251 111 439 179 991 488 863 681 620
83 470
285 936
255 495
547 625
115 633
151 762
140 400
10 467
26 786
591 751
79 675
206 392
197 376
231 290
460 486
444 675
402 851
219 385
41 609
706 877
759 985
256 979
38 520
485 863
113 425
810 885
299 753
13 96
281 416
569 761
314 524
234 456
70 946
205 957
132 665
99 452
186 660
527 785
826 935
496 781
3 316
49 485
740 784
52 734
685 795
293 578
84 537
401 635
210 242
218 669
328 846
209 955
510 659
380 396
130 246
218 741
330 523
381 671
579 903
339 584
386 664
434 701
169 285
257 648
214 361
24 235
661 672
107 587
212 412
10 969
148 883
924 957
405 693
446 571
158 559
37 501
920 953
416 649
31 801
188 497
377 521
375 638
402 527
234 363
532 695
502 954
112 209
39 373
59 132
827 930
119 632
242 818
39 708
557 770
44 545
14 246
765 809
34 196
257 395
296 752
171 622
36 197
27 753
290 351
38 494
517 731
22 416
217 427
278 996
296 702
26 329
181 277
160 624
3 243
92 432
307 637
386 626
402 578
326 347
199 711
69 788
380 806
587 688
10 151
142 550
178 703
475 624
289 777
203 616
387 499
176 802
50 316
176 194
208 651
768 905
229 983
142 328
455 995
864 927
367 765
14 261
573 922
406 720
595 992
112 190
555 833
6 169
718 858
364 792
69 679
248 769
327 932
107 207
755 886
332 980
73 794
273 820
655 657
919 923
578 594
160 496
301 644
594 782
38 290
251 279
46 130
20 424
111 836
82 749
550 994
601 741
8 782
288 571
382 837
158 529
313 918
275 368
174 527
677 811
108 215
437 551
306 853
87 778
5 654
9 858
507 922
528 819
281 301
857 995
87 506
528 679
226 359
544 581
328 423
70 72
310 375
373 916
476 724
363 861
172 793
492 507
560 961
40 389
118 526
784 834
382 845
719 793
638 911
15 753
82 831
669 708
56 962
222 382
625 828
202 598
54 98
424 555
298 626
133 897
376 878
517 590
81 854
443 609
216 938
97 473
245 708
18 481
140 745
209 920
340 913
398 812
164 760
225 366
646 656
465 691
153 564
521 552
16 398
401 440
67 477
234 865
408 417
326 891
299 729
85 550
821 907
301 569
83 389
341 846
259 939
2 614
160 593
41 257
212 636
51 950
66 125
188 609
205 762
130 381
224 689
340 883
47 838
401 435
9 163
129 862
171 939
155 936
882 920
256 720
164 977
74 840
366 776
530 837
306 394
52 406
142 811
29 612
503 951
781 880
206 917
265 994
30 527
123 936
391 864
509 820
477 600
485 655
328 911
434 950
192 943
180 990
20 963
415 943
104 776
757 778
281 320
588 762
679 723
458 878
930 992
246 440
328 903
591 914
542 962
347 879
149 885
949 988
162 697
300 955
405 626
638 812
333 508
614 812
84 986
502 806
486 915
776 862
205 623
536 864
458 688
275 632
19 857
103 671
356 726
323 921
100 923
205 763
82 248
349 935
331 534
536 694
787 851
420 767
110 702
121 199
570 755
32 140
194 434
1 103
338 773
99 241
558 837
31 488
33 634
103 121
119 228
104 982
137 461
108 256
300 548
502 597
274 415
560 613
146 226
261 588
108 781
166 426
497 905
100 237
196 281
200 211
775 949
282 288
18 955
593 943
326 456
340 795
550 752
278 816
82 128
526 809
8 536
645 812
588 895
320 900
358 442
371 515
37 655
496 614
115 676
400 776
116 763
703 926
279 436
6 752
347 852
182 974
145 777
3 651
367 664
115 958
335 829
42 374
291 376
220 779
497 919
55 733
340 854
68 586
44 86
440 815
199 380
356 418
216 307
81 156
315 612
365 467
368 913
180 998
268 443
56 277
100 752
280 469
164 501
307 772
289 712
304 704
798 976
235 986
387 709
439 930
418 814
427 646
327 488
234 683
352 564
95 219
635 658
112 353
96 851
183 700
371 599
655 889
392 840
474 625
367 747
77 700
27 171
366 806
398 448
653 986
653 826
71 870
570 618
209 775
687 728
742 867
41 354
35 926
685 827
90 485
738 959
753 772
191 598
308 764
560 918
315 447
616 777
64 790
139 492
420 433
691 939
881 951
101 184
20 669
406 793
147 773
277 408
311 397
92 836
372 682
71 927
781 951
115 951
450 506
351 857
118 438
349 523
220 318
118 554
252 709
684 842
51 925
136 502
609 687
57 661
256 712
141 202
283 587
354 736
669 820
756 929
26 750
182 191
251 490
284 719
235 878
255 724
208 942
144 923
9 582
24 263
238 756
588 654
123 868
2 774
65 498
492 826
51 83
240 310
212 582
192 256
56 761
291 404
283 437
271 398
221 478
749 892
519 671
859 905
10 80
455 472
742 813
75 706
7 747
277 491
270 580
81 740
217 327
144 690
58 175
307 554
618 672
301 442
394 713
18 294
531 888
335 884
173 772
259 438
97 760
200 454
718 980
39 692
549 554
516 688
108 228
486 755
922 987
489 552
338 833
675 954
608 733
169 957
121 196
499 678
239 300
468 475
581 816
35 400
708 931
718 847
346 667
192 706
1 667
384 549
146 995
187 528
245 537
557 675
642 948
572 643
6 924
300 862
387 487
436 935
97 534
23 142
889 927
598 737
278 433
445 559
114 463
124 166
501 738
395 750
166 552
161 968
183 310
188 300
167 457
466 538
255 871
711 725
473 928
362 416
523 530
222 567
729 950
266 455
38 43
229 892
571 648
192 392
60 200
739 846
155 790
798 880
268 473
47 177
569 886
234 935
191 857
662 884
166 975
74 559
34 903
105 567
564 923
26 707
16 582
56 245
150 621
135 858
585 611
112 293
153 154
218 420
505 573
710 772
123 412
510 789
48 266
242 484
104 913
436 473
58 922
28 872
574 729
104 861
542 701
174 858
172 609
801 927
21 379
246 510
359 635
199 582
421 630
20 911
41 758
714 993
173 738
760 910
222 624
345 985
447 827
340 470
270 607
239 767
335 503
195 982
222 769
161 327
373 878
326 792
703 765
79 287
641 892
63 787
225 812
333 441
783 929
95 372
216 875
644 813
299 717
218 895
11 323
322 529
563 633
206 402
26 429
679 934
2 253
75 719
525 562
96 845
283 804
384 994
592 663
424 593
146 285
20 560
644 987
587 669
532 896
24 881
682 846
554 807
879 942
53 824
190 349
507 913
253 704
86 323
908 932
589 985
54 554
66 944
301 524
618 884
3 57
281 648
176 615
570 673
112 503
312 650
351 385
128 164
639 652
59 84
510 842
296 439
189 761
511 812
107 627
164 713
450 626
52 572
179 736
395 910
454 830
429 597
21 107
178 571
153 936
8 35
289 572
843 987
161 494
46 880
681 755
912 939
176 549
740 842
447 694
81 772
91 723
279 790
52 981
113 429
187 195
670 697
104 209
317 749
32 461
84 256
366 750
410 674
35 393
537 578
177 404
713 891
493 798
572 935
849 883
422 883
191 422
652 829
944 969
230 676
758 880
547 867
180 882
324 929
230 878
139 884
74 537
28 741
278 862
166 310
538 912
569 588
448 570
43 503
534 978
199 336
296 395
30 308
581 782
168 215
216 572
568 649
546 934
4 430
237 813
596 699
455 985
578 823
75 333
640 730
145 381
727 827
88 412
896 898
224 680
685 909
205 622
347 591
495 506
39 674
145 969
63 479
22 739
416 646
557 600
166 546
113 287
46 234
794 847
62 885
423 561
243 803
60 95
152 386
475 854
824 845
308 387
234 670
270 838
350 767
611 672
92 498
142 315
600 621
79 714
41 575
706 920
320 674
349 917
558 763
574 609
46 967
242 549
219 641
577 631
305 650
570 957
199 699
584 1000
59 74
332 338
378 726
297 732
300 739
115 878
62 785
753 865
216 499
104 564
873 898
391 504
354 874
351 925
121 669
55 181
235 656
464 695
306 360
147 280
126 216
348 692
353 739
230 262
242 682
497 732
97 692
456 575
32 965
161 856
265 335
467 507
380 777
670 973
209 767
116 733
681 724
41 102
147 373
279 483
310 438
165 708
204 973
237 652
779 803
699 803
34 584
388 770
125 656
148 999
860 869
34 169
807 950
906 932
83 392
862 866
252 755
309 868
57 401
82 156
125 524
470 885
741 876
562 922
283 974
331 861
682 817
32 694
172 938
454 846
927 933
458 793
402 542
557 657
355 746
205 742
281 674
169 831
183 537
491 494
293 812
832 872
298 824
170 521
380 980
135 604
92 832
161 371
610 907
226 235
451 775
555 976
52 325
184 548
929 981
710 780
647 849
351 524
222 620
551 923
422 469
355 878
267 672
317 486
636 771
356 773
18 728
500 729
293 672
145 967
8 970
339 366
386 696
721 819
117 282
140 879
375 895
324 571
424 705
95 840
528 719
103 730
502 952
151 769
59 745
610 730
575 702
110 793
488 986
107 452
418 524
12 129
210 576
814 895
161 205
84 286
262 589
638 886
536 860
208 846
500 886
37 379
509 531
341 813
159 536
810 861
36 539
675 710
385 527
