5907 3715 4640
1125 2
744 2
533 2
2379 2
1219 1
421 1
1390 1
281 2
2292 2
1635 1
3493 2
1888 1
648 1
1451 2
3204 2
3433 2
3115 1
1497 2
1144 2
3127 2
1183 1
1473 2
2428 1
2317 1
3693 2
37 2
475 1
1247 2
3323 2
158 1
1866 2
2544 1
3088 2
1075 1
505 2
1604 1
2133 2
1801 1
2465 1
1369 2
695 2
523 2
2777 2
1345 1
704 1
1663 2
1063 2
3584 1
467 2
1302 1
397 1
2087 2
157 1
1631 1
1097 2
1975 1
2251 2
1497 2
3211 2
11 1
3465 2
691 1
1863 2
2383 1
1641 1
515 1
901 1
3329 1
1387 1
1865 2
2046 2
541 1
2493 1
1607 2
85 2
1057 1
415 2
1377 1
499 2
3580 1
1762 1
715 2
593 1
2239 1
2922 1
2218 2
620 2
2838 1
1915 1
2419 1
434 2
2211 1
949 2
205 1
671 1
1795 1
2469 1
3323 2
1955 2
1723 1
2933 1
3544 1
2391 1
1370 1
413 1
3322 1
1978 1
1081 1
1396 1
3418 2
2650 2
3522 2
2191 2
187 1
1942 2
3139 1
3267 1
1086 2
361 1
1922 2
777 1
3457 1
1021 2
3533 2
3517 2
3207 2
1810 1
2713 1
1218 1
1817 2
1476 1
2372 2
2124 2
3267 1
1149 1
2845 2
3118 2
91 1
2367 2
1254 2
3545 2
525 1
1804 1
1171 1
1005 1
2899 2
3577 2
2293 2
2815 2
1897 1
1631 2
3335 1
3593 2
2145 1
2392 2
2519 2
3505 1
1837 1
2002 1
1302 1
1999 1
521 1
693 1
1891 1
2647 2
685 2
3577 1
642 1
403 1
1383 2
1495 2
1849 2
530 1
771 1
445 2
543 2
2085 2
2773 2
2753 2
1986 1
2012 1
99 2
3418 2
3431 2
931 1
2953 1
1681 1
2153 1
3127 1
1983 2
51 1
2362 2
3331 1
2851 1
2539 1
985 2
3211 1
327 2
1312 2
3265 2
3537 2
1497 1
2871 2
256 1
2305 2
3150 1
299 2
917 1
909 1
551 2
871 2
1867 2
1789 1
3313 2
2357 2
2827 1
788 2
1411 1
1870 2
64 1
1505 2
1323 1
3677 2
2754 1
445 2
2827 1
3503 1
2479 1
1798 1
1212 2
1018 2
1631 1
2175 1
3538 1
1205 2
1393 2
2921 1
157 1
3573 2
1569 1
2062 2
3529 2
3445 1
1035 2
2588 1
3364 1
2959 1
2767 2
60 1
513 2
1525 2
1043 1
2169 1
2230 2
148 2
512 2
433 2
927 2
1401 2
2209 1
694 2
2304 1
1879 2
1087 1
3533 2
1285 1
2791 1
2425 2
2467 1
3245 2
2767 2
3613 2
1029 1
1307 1
1093 2
2284 1
3343 1
1858 2
887 2
2170 1
913 2
1022 1
3481 2
91 2
2083 2
2347 2
1351 2
2537 1
3662 2
2946 1
3027 2
1099 2
1469 2
247 1
2735 2
2331 2
2496 1
2985 1
1513 2
1527 1
1503 1
211 2
1843 2
3226 2
493 1
1779 2
3275 2
1231 1
2451 2
1467 2
2269 2
2701 2
1917 1
3229 2
2263 2
982 2
1885 2
2479 1
1831 1
3616 1
89 2
2557 2
2101 2
518 2
915 2
457 2
1825 2
1979 1
1939 2
1733 1
3118 2
3583 1
2002 1
2991 2
1075 1
3291 1
1897 2
261 1
553 2
3143 1
2090 1
1159 1
3031 2
1306 1
1265 2
1206 2
3451 1
1240 1
1152 1
3022 1
1067 2
2711 2
2158 1
1069 1
2872 2
3304 2
2787 2
3053 1
2725 1
220 2
1801 1
3673 2
833 2
2137 2
3013 2
2935 1
1177 1
491 2
1711 2
3103 1
3148 1
792 1
211 2
98 2
2902 2
1123 2
2320 1
2710 2
1129 1
2580 2
3593 2
3067 1
416 2
1229 2
3439 1
2569 1
2589 1
742 2
433 1
2236 2
591 2
2583 1
2035 2
2691 1
1579 1
325 2
3701 2
1603 1
3699 1
1540 2
2353 1
3211 1
1324 2
3208 1
1067 2
315 2
1048 1
1588 1
235 1
1050 2
1885 1
769 1
693 1
385 2
1251 1
1549 1
1245 2
3563 1
655 2
3013 1
1619 2
727 1
429 1
496 1
391 2
3131 1
1669 2
1535 1
779 1
1985 1
2199 2
1697 1
2149 1
2584 1
2725 1
610 2
2881 1
235 1
235 1
1315 2
1317 2
1883 2
1336 1
2230 2
302 2
1501 2
3288 2
2297 2
3617 2
1879 1
3395 2
574 1
1045 1
1879 2
2119 2
3337 2
1131 1
435 2
1033 2
3228 1
595 1
3140 2
1653 2
599 1
1517 2
1509 1
463 1
2237 2
1753 1
2449 1
2381 2
1479 1
2834 1
281 1
431 2
2805 2
98 1
1086 1
807 2
2140 2
2304 1
273 2
403 2
28 2
2152 2
2689 2
2515 2
1933 2
474 2
487 2
769 2
1335 1
397 2
3440 2
1381 1
2357 2
2983 2
1093 2
2803 1
3054 1
3097 1
403 1
2298 1
1316 2
1993 1
2805 2
3229 1
3037 1
1394 2
623 2
2843 2
3245 1
2112 2
1133 1
2102 2
2311 1
1508 2
1096 2
2835 1
1113 2
1276 2
19 1
1917 2
3323 2
1844 2
1207 2
2644 2
3415 1
1136 2
2995 1
1773 2
1510 2
1981 1
1987 2
266 1
1789 2
3051 2
758 2
437 2
439 1
3633 2
2887 1
1595 1
3637 1
2770 1
3283 2
2347 1
531 2
1517 2
151 2
989 2
1415 1
297 1
1967 1
3673 1
1411 1
3070 2
1568 2
1449 1
3185 1
2221 2
640 1
2851 1
171 1
1994 2
3563 1
883 2
3400 2
2837 2
1971 2
2202 1
2754 1
2729 1
3385 2
1531 2
2743 2
1613 1
2293 2
127 1
2599 1
2205 2
3685 1
2703 2
3131 2
3565 1
2372 2
1948 2
565 2
43 2
2989 1
1062 1
1417 2
2603 1
1877 1
2971 1
1305 1
3349 2
919 1
3349 1
1627 2
715 2
455 2
2354 1
3397 1
207 2
2725 1
764 2
393 1
3101 2
202 2
2293 1
139 1
1585 1
1270 2
3229 2
3109 2
1569 1
2396 1
181 2
2092 2
2457 1
2560 2
3 1
1393 2
105 1
3325 1
1518 1
2719 2
841 2
2554 2
2703 2
2323 2
1783 1
541 2
3533 2
2543 2
3330 1
812 1
3121 2
189 2
82 1
3015 2
2500 1
625 2
659 1
3172 1
2053 1
1675 2
1516 2
1101 1
2262 2
807 1
2031 2
2395 1
768 1
897 1
667 1
2707 1
217 1
2967 2
97 2
2501 2
649 2
2053 1
821 1
2632 1
1693 1
935 2
2463 1
2168 1
3415 1
985 1
3331 2
829 1
1942 2
2623 2
2472 2
1396 1
3182 2
355 1
979 2
7 1
868 1
1685 1
2371 1
2581 1
1921 1
2361 2
3427 1
3235 2
3111 2
454 2
1004 2
1095 2
697 1
245 1
1409 1
2341 2
2583 1
2233 1
2415 2
1751 1
1741 1
3001 1
3617 1
1047 2
2053 1
3421 2
3189 2
1201 2
3281 2
3181 2
2749 2
3055 1
1195 2
1925 1
3441 2
2437 2
2677 1
2787 1
1165 2
2707 1
724 2
2500 2
1073 2
1789 1
157 2
1953 2
1177 1
2125 1
193 1
2751 2
3109 2
3037 1
2510 1
3682 1
3221 1
1127 1
3349 2
253 1
1641 1
1146 1
285 1
3667 2
38 2
1852 2
1159 1
2443 1
803 1
1765 1
622 1
1371 2
20 2
274 2
1411 2
3105 1
1611 2
2631 1
823 2
100 2
1612 1
3712 1
1735 2
224 1
2452 2
3613 1
2334 2
2401 1
1191 2
2881 2
3539 2
1525 1
3261 1
1821 1
2369 2
247 1
682 2
3321 2
1 1
3541 1
1750 2
3514 1
593 2
328 2
946 2
1705 2
1624 2
1151 1
1054 1
1023 1
2311 1
975 2
1141 1
2947 1
3313 1
433 2
2969 2
1903 1
2835 1
2839 1
3136 1
1611 2
1915 1
2860 2
1742 1
2489 2
1000 1
1583 1
1687 2
2661 2
3700 1
1039 1
2908 2
3206 1
3295 2
2407 1
2145 2
547 2
471 1
3181 2
3631 2
1591 2
1648 1
271 1
1399 1
721 1
2819 1
2767 2
1259 1
591 1
1723 1
3133 2
1433 2
1399 2
1519 2
2873 2
130 1
1507 1
3298 2
3133 2
1129 2
454 1
2347 2
1655 2
757 1
1865 1
3136 2
3001 2
359 1
2792 2
658 2
2797 1
2383 1
292 2
2769 1
3605 1
139 1
619 2
1633 1
407 2
1114 1
1651 1
3294 1
2125 2
1810 2
496 1
2329 1
1801 1
2115 2
547 1
1105 2
535 1
2055 2
891 1
679 1
3661 1
1495 2
3333 1
3399 2
3409 2
663 1
1323 1
3100 1
2240 2
364 1
3428 1
3331 1
2645 2
1339 1
346 1
1079 1
1909 2
1181 1
3283 1
29 2
3013 1
2845 1
1771 1
691 1
5 1
486 1
2293 2
757 2
2411 1
3480 1
670 1
2419 1
3205 2
2155 1
679 1
2211 2
3689 2
2955 2
2984 2
493 1
3523 1
3028 2
1795 2
2491 2
1787 2
3417 1
827 2
2375 2
519 2
1231 1
3394 1
2017 2
2221 1
109 1
2987 2
2443 1
839 2
2923 2
3627 2
2253 2
3339 2
769 1
2281 1
259 1
1765 1
2053 1
1201 1
1637 1
3483 2
2440 2
1896 1
3217 2
1212 2
844 2
2237 1
3043 1
2149 2
3156 2
433 2
3039 1
983 2
1887 1
2029 1
1351 2
1690 1
2432 2
3139 2
240 2
970 2
2782 1
572 2
513 2
2411 2
703 1
3113 2
2627 2
1733 2
151 2
1107 1
1399 2
3439 2
2799 1
411 2
43 1
1141 2
944 1
3382 2
2129 1
2767 1
1627 2
1966 1
2943 1
1239 2
796 1
1779 1
933 2
3679 2
2764 2
3583 2
2017 1
3199 1
535 2
2141 1
347 1
3103 1
2371 2
1181 1
2695 1
3356 2
1009 1
1953 2
1573 1
133 2
3636 1
751 2
91 2
2890 2
763 1
481 1
3283 1
2955 1
529 1
2449 2
2687 1
3157 1
2885 1
3175 1
1162 2
3123 2
1739 2
3047 2
2209 1
163 1
3287 1
2745 2
2435 1
1075 2
2223 2
301 2
2646 2
3607 1
2785 2
3283 1
987 2
3445 1
1283 2
770 2
1804 2
19 2
3603 2
2029 1
1597 2
223 2
1395 1
479 2
577 2
803 2
637 2
1552 2
592 1
2755 1
2843 2
2775 2
2683 1
453 1
1407 1
1817 2
2165 1
2101 1
3601 1
1867 2
1977 2
3253 1
871 2
1489 1
67 2
3139 2
2785 1
269 1
1027 2
2001 2
3589 1
1655 2
3433 1
3232 2
2094 2
1315 1
3511 1
2521 1
37 2
3083 1
1642 2
2861 1
3067 1
2545 2
2327 1
1771 2
991 1
679 1
77 2
1427 2
2636 1
2233 2
400 2
1569 1
3535 1
2929 2
1310 1
2431 2
3475 2
2955 2
2387 1
3530 1
2652 2
1080 1
55 1
1439 1
2431 2
2463 2
2647 2
1981 2
559 2
3479 1
655 1
1159 1
835 1
2627 1
2557 2
49 2
1165 1
2243 1
2176 1
394 2
2590 2
2086 2
1321 1
3586 2
1241 2
1009 2
1550 2
1156 1
1252 1
2363 1
1930 2
1351 1
1327 2
2474 1
505 2
2249 2
2928 1
1157 1
2770 2
3517 1
2185 2
2123 2
791 2
846 1
3151 1
2211 1
3709 1
575 1
154 2
1036 1
2204 1
1393 2
647 1
133 1
3541 2
1621 2
1042 1
283 2
3385 2
2683 2
1852 2
1465 2
683 1
3513 2
3175 2
3683 1
621 1
2879 2
2127 2
2427 1
395 1
1693 1
3517 1
610 2
1696 2
3015 1
1381 1
432 2
298 1
3349 2
1811 2
2659 2
714 1
1018 2
1951 1
123 2
771 2
2977 1
805 2
3499 1
3592 2
723 1
2651 1
3531 2
2377 1
356 1
1271 2
3023 1
669 1
2318 1
2689 1
3589 1
2590 1
1073 1
3337 1
1711 2
2935 1
2265 2
1459 2
2183 2
1389 1
2435 1
3361 1
2278 2
2855 2
1297 2
2605 2
2254 1
1993 2
2633 2
3079 1
1905 2
49 1
2317 2
292 2
1987 2
821 1
715 2
274 2
2931 1
2167 1
3181 1
3475 2
1861 2
2669 1
2971 1
3487 2
2167 1
2497 2
641 1
2107 2
694 2
485 2
3085 2
3379 1
2811 2
2943 2
2350 1
3417 1
970 2
1141 2
3103 1
166 2
1291 2
2431 2
671 2
127 1
1113 2
461 2
3391 1
2811 1
539 1
3334 2
1233 1
2759 1
2396 2
1182 2
1881 1
1765 2
352 2
3341 1
1627 2
1399 2
2631 1
1028 1
1971 1
3175 2
3295 1
3154 2
2009 1
205 2
1585 2
961 1
3606 2
1315 1
835 1
1959 2
427 1
617 1
3017 1
649 2
1129 1
2206 2
716 1
3643 1
1357 1
1269 2
1147 1
3142 1
1837 1
3067 2
2224 1
553 2
1765 1
2649 2
359 2
3175 2
2101 1
329 1
3708 1
469 2
733 2
2935 1
711 2
505 2
205 1
3425 2
421 1
1833 1
1835 1
2380 2
2449 2
3041 1
427 1
2086 1
987 1
799 1
727 1
877 1
1987 1
1360 1
1363 2
271 2
3031 2
2635 1
2089 1
2329 1
2071 1
3280 2
3067 1
2220 2
197 1
1695 2
1663 2
211 2
3133 1
3408 2
1769 1
589 2
2653 1
62 2
3019 2
3544 1
1981 1
3421 1
2797 1
1009 1
99 1
3583 1
479 2
3644 2
3475 2
1454 2
1801 2
6 1
1495 1
1861 2
3701 2
161 1
3455 2
205 2
3141 1
1003 2
691 2
3479 1
2098 2
1844 2
2641 2
2089 2
1537 1
418 1
2332 2
1132 2
1143 1
1943 1
2145 1
2772 2
634 1
2335 2
1888 1
617 2
1921 2
1117 1
3145 2
2572 2
639 1
2323 2
301 2
131 2
2243 2
3280 1
1267 2
2269 1
787 1
3625 2
2727 2
1743 2
1899 1
1826 1
2607 1
1771 1
2152 1
3451 1
553 2
1987 2
2342 1
2890 2
3675 1
2437 1
796 1
49 2
2347 1
2303 2
3259 2
2522 2
251 2
1535 1
3697 2
1915 1
658 1
1799 2
1435 1
2385 2
2985 2
1744 2
3157 1
18 2
3667 1
1653 1
3533 2
1741 2
1189 2
940 2
2203 1
3416 2
199 2
1276 1
3340 2
2839 2
3577 1
2751 2
404 1
3177 1
173 2
635 2
64 2
613 2
190 1
3679 2
2927 2
742 2
747 2
1684 2
2269 2
2665 1
2863 2
3409 2
79 2
2629 2
3517 2
1453 2
207 2
1058 2
1765 2
1043 1
1217 1
3218 2
2359 1
1369 2
2891 2
1855 1
795 1
3383 2
3577 2
1669 1
1807 1
3193 1
3240 2
2685 1
1135 2
768 2
2336 1
3672 1
29 1
2921 1
1903 2
1639 1
1024 1
1105 2
1941 1
1687 2
1087 2
2792 2
2125 2
472 1
1579 2
1084 1
3248 2
2391 1
345 1
1931 2
2741 1
1824 1
1316 2
2877 1
2029 1
3202 2
1231 1
1746 2
3559 1
2560 2
1353 1
803 2
2941 1
724 2
105 2
1740 1
3220 1
2299 2
2199 2
2157 1
2235 2
261 2
2383 2
3117 1
883 1
751 2
3309 2
3137 2
995 1
1579 1
3642 2
1477 2
1111 2
330 1
1645 1
2885 1
2539 2
2164 2
1543 2
2995 2
2783 1
916 2
3670 2
2867 1
477 2
1853 2
1288 2
1921 2
967 1
1321 1
2794 1
2754 2
3624 1
550 1
2515 1
1600 2
1397 2
1234 2
2875 1
2742 1
1483 1
1305 2
814 1
271 1
2847 2
3311 1
1726 1
368 1
3007 1
498 1
1455 2
1402 1
1003 2
2909 2
1013 2
3241 1
1201 2
1831 2
3254 2
1263 1
2569 2
1474 2
3343 1
3457 1
3044 2
281 1
2278 1
2265 2
3445 2
2335 2
2835 2
3391 2
3224 1
1696 1
2812 1
527 1
2761 1
1783 2
2046 1
2899 2
1559 1
2821 2
1873 2
1867 2
811 1
1896 1
695 2
2773 2
1444 1
1057 2
3073 1
3454 1
3187 1
2697 2
1335 1
2948 1
2493 2
1007 1
2803 2
2640 2
3157 1
1705 1
2401 1
497 2
1297 2
1759 2
3649 1
1465 1
2517 1
1033 2
1107 1
2828 2
2425 2
2233 1
1963 1
3223 1
2935 2
1375 1
1591 1
642 1
2066 1
3634 1
1771 1
2803 2
3037 2
738 1
2775 1
1569 1
1633 1
2524 1
1937 1
493 1
355 1
2010 1
2731 1
1555 2
2747 1
61 1
3478 2
1411 2
2035 2
2545 2
763 1
979 1
268 2
1088 1
3708 1
631 1
3260 1
805 1
2824 1
247 2
229 2
1263 1
907 2
1003 1
779 1
1900 2
51 2
1909 2
2293 1
2791 2
2527 1
1171 2
3347 1
1094 1
901 2
3071 2
1875 1
2496 2
3073 2
3061 1
188 1
2113 1
1005 2
373 2
845 2
2401 1
2257 1
3494 2
2663 1
1075 2
30 1
520 2
1640 2
1481 2
3329 1
1255 2
793 1
475 2
2515 1
2557 1
1226 1
1247 2
903 2
1950 2
2431 2
1753 1
1615 1
2803 1
1591 1
3373 1
2143 1
439 1
2236 2
1999 1
434 1
521 1
115 2
1759 2
251 2
3447 1
2755 1
937 2
1729 2
513 2
1399 1
2191 2
811 1
2467 1
2785 1
331 1
745 2
1820 1
2620 1
799 2
1307 1
2311 1
491 1
2041 1
7 1
3286 1
2119 1
1639 2
3318 2
3451 2
296 1
754 1
211 2
497 1
565 2
433 1
1503 2
3173 1
3563 1
2734 2
395 2
253 1
23 2
1648 1
1611 1
2472 1
2487 1
731 2
767 1
3103 1
2031 2
3371 2
28 1
2249 2
2389 2
287 1
3560 2
463 1
1513 1
2373 1
1931 2
2421 1
2050 1
1875 1
3583 2
1004 1
2645 1
2483 2
3279 2
2943 1
1585 1
589 2
2152 2
433 2
2455 2
2037 2
2743 1
3544 2
2395 1
3205 1
897 1
167 1
1161 2
1303 1
3670 2
2215 1
3171 1
2643 1
2179 1
2743 1
1735 2
3367 1
429 1
326 2
37 1
2997 1
2061 2
1617 2
1399 2
2881 2
421 1
724 2
1001 1
3553 2
3583 2
456 1
1621 1
2371 1
3444 1
3295 2
321 2
427 1
574 1
856 2
1333 1
2533 1
2725 1
643 2
3527 2
3393 1
2254 1
1852 2
3205 2
3691 1
2710 2
2607 2
1805 1
979 2
628 2
2752 1
673 2
103 2
949 1
1531 2
477 1
178 1
3339 2
3628 1
3215 1
444 1
3285 1
1963 1
3283 2
1705 2
5 2
1699 1
185 2
1599 1
349 1
1801 2
2343 1
101 1
1645 2
2041 1
1 1
1957 1
1128 2
1799 1
2610 1
562 2
2305 1
2983 1
2961 2
1162 2
3295 1
3307 2
1555 1
477 1
61 1
1839 2
1667 1
2979 1
2710 1
3009 2
2287 1
2145 1
1623 2
523 1
1947 1
2309 1
235 2
2557 2
3367 2
2815 1
2041 2
1949 1
3041 2
3343 2
55 1
3259 2
580 1
3415 1
3058 2
976 1
671 1
61 1
1531 2
877 1
1876 1
1934 1
1646 1
862 1
3205 1
487 1
2635 1
1329 1
3693 1
2154 1
1345 2
1564 1
1075 1
2863 2
2853 1
2509 2
3353 1
3171 1
3469 1
1387 1
163 1
2089 2
3351 2
2935 2
2083 1
2869 1
1150 1
3328 1
1829 2
1333 1
3517 2
973 2
2461 2
1353 1
373 2
2503 2
1993 1
2259 1
3349 1
1597 1
2107 1
397 1
1278 1
3325 2
695 2
824 1
2153 2
535 2
3681 1
2867 2
1185 2
297 1
633 2
3452 1
95 2
1762 2
1484 1
3289 2
151 2
2199 2
1636 2
2101 2
1772 1
1506 2
3438 1
421 2
3313 2
1789 2
1699 2
1536 1
769 1
81 2
577 2
2835 2
367 1
3379 1
1775 2
699 1
867 2
1708 1
1659 1
1779 2
3037 1
47 2
3211 2
3235 1
2847 1
1696 1
545 1
2157 1
109 2
1063 1
559 2
3265 1
211 2
733 2
3695 1
1635 2
1555 2
433 2
1351 2
1759 1
1493 1
25 1
703 2
3078 2
2527 1
3205 1
3288 2
2503 1
2839 2
1643 1
3565 1
2503 1
2452 2
3133 2
303 2
1768 1
1735 2
514 1
111 1
1911 1
1645 2
2183 1
2740 2
2991 2
567 2
75 1
2051 2
2717 1
163 1
3340 1
779 1
2821 2
1765 2
3357 1
2357 1
337 2
3683 1
1248 1
2071 2
1243 1
2827 2
2705 1
809 1
739 1
29 2
3129 2
2303 2
3526 1
3423 2
2116 1
3497 1
3673 2
1354 1
2606 1
3271 2
1456 2
811 2
3313 2
2263 1
1504 1
3601 1
2413 2
88 2
915 1
1699 1
1577 1
719 1
749 2
13 2
649 1
145 2
1771 2
7 1
2415 2
271 2
2975 2
2523 1
308 2
2483 2
2017 2
1135 1
2819 1
2095 1
301 1
2615 2
1879 2
2757 2
703 1
3508 1
2071 2
1714 2
1852 2
1489 1
1795 1
2329 1
2967 2
1387 1
3469 2
805 1
1973 2
1395 2
314 2
1012 1
1651 2
1972 1
565 1
224 2
1438 1
1945 2
499 1
194 2
972 1
637 1
3405 2
59 2
2893 2
2421 1
157 1
1727 1
3215 2
709 1
1815 1
3312 1
2063 1
2102 2
469 1
2587 1
13 2
2421 2
79 2
3286 1
171 1
3434 2
816 1
1369 2
1909 1
1829 1
1597 1
619 1
2398 1
2179 2
920 2
2463 2
861 2
915 1
1666 2
1543 1
3350 1
3099 2
2083 2
549 2
3363 1
271 2
481 2
2883 1
1393 1
3625 2
889 1
664 2
1177 1
919 2
3359 2
2203 1
304 2
913 1
2091 1
2487 1
1195 1
1377 2
3607 1
1450 2
451 2
257 1
707 1
719 1
2116 2
240 2
889 1
247 2
287 2
1021 2
763 2
487 1
625 2
3535 1
2755 2
2253 2
1651 2
750 2
3465 2
1744 2
2815 1
3590 2
3507 2
1187 2
3625 2
3357 1
3423 1
2452 2
2339 2
1687 2
2379 2
2425 1
1663 1
1640 2
3361 1
1457 2
35 2
1791 1
1246 1
2745 1
1123 1
2361 2
1669 1
3595 2
223 1
639 1
816 2
1437 2
1693 1
1231 2
2299 2
2507 2
1009 2
3475 1
2479 1
3025 1
3067 2
3487 1
207 2
1552 1
2055 2
1261 2
1471 2
1248 2
2973 2
2203 2
139 2
3091 1
3193 1
1930 2
1283 1
3550 1
1912 2
1458 2
1105 2
2557 1
2781 2
2071 2
1247 1
2545 1
1321 2
2829 1
2203 1
2041 2
253 2
493 1
2104 1
2731 2
415 2
939 2
1687 1
3178 2
2021 1
1210 1
1021 2
1931 2
475 1
2145 2
3623 1
1396 2
2169 2
315 1
1471 1
530 2
1697 2
3355 1
3123 1
1764 1
799 2
816 1
3325 2
2842 2
1891 1
2383 2
1262 1
649 2
895 2
2797 1
2023 1
2274 1
515 2
913 1
1306 2
1213 2
1351 1
1493 1
3691 2
361 1
2683 2
2409 2
2731 2
1835 2
1779 1
3420 2
85 1
836 2
2249 1
3289 2
2003 2
2809 1
1036 2
1749 1
205 2
3576 2
2993 2
2248 1
651 2
3120 1
2365 2
367 2
2451 2
2485 1
2423 1
3380 2
2623 2
395 2
3166 2
2035 1
3274 2
457 2
497 1
568 2
2667 2
2170 1
1168 1
2433 1
2483 2
3691 2
1849 2
3169 1
2627 1
253 2
395 2
3031 2
251 2
1216 1
580 1
1831 1
1783 1
2093 2
3306 1
2923 1
2551 1
646 2
1339 1
2567 1
2363 1
2543 2
571 1
3289 2
285 1
48 1
619 2
658 1
2140 2
811 1
2253 2
2391 2
1770 2
3033 2
3664 2
2671 1
1383 1
3459 1
61 1
1247 2
2401 1
430 1
2092 1
1639 1
3031 2
1075 1
3709 2
3085 2
805 1
2122 2
310 2
2652 1
1852 1
167 2
2305 2
484 2
1216 2
1987 2
3700 1
799 2
2821 1
2410 1
2641 2
1733 1
1447 2
39 2
3147 1
2005 1
381 2
3067 1
2263 1
2231 2
1663 1
2755 2
2819 2
481 1
1441 2
846 2
1173 1
1564 1
486 2
2220 1
2332 2
664 1
779 1
1623 2
3181 1
3613 2
3237 1
271 2
3169 1
1849 2
2138 2
1239 1
79 1
3457 2
2185 1
125 1
3667 1
3296 1
3268 2
403 1
3635 2
159 1
1717 1
3665 1
829 1
491 1
2177 2
1822 1
2384 2
1108 1
1131 1
1275 2
1508 1
1870 1
1897 2
2999 1
2821 2
2075 1
1636 2
937 1
3487 2
208 1
1163 1
1909 2
3259 1
508 1
1136 2
1736 1
1840 2
3178 1
2492 2
229 2
2037 2
3531 2
1718 2
1249 2
1217 1
1615 2
2131 1
2683 2
528 1
1785 1
2791 1
1379 2
770 1
1009 2
2661 2
3031 2
3423 1
3117 1
975 2
1629 2
2557 2
3028 1
2686 1
1060 2
427 2
2245 2
1567 2
1761 1
2118 2
229 2
2049 2
577 1
3281 1
877 2
1778 1
3607 1
3065 2
3044 1
1852 2
25 2
346 2
1630 2
370 1
2943 1
703 2
93 1
601 1
1699 2
2677 2
1445 2
1417 1
127 1
589 1
2311 2
1324 2
3131 1
3410 2
1524 1
3235 1
2841 1
685 2
1795 1
1879 1
479 2
729 1
955 1
2095 1
3529 1
1027 2
3145 1
157 2
505 2
1293 2
1945 2
3577 2
3523 1
3613 1
1537 2
1725 2
3175 2
318 1
1201 1
1311 2
487 2
811 1
1285 2
538 2
3373 2
1926 1
1343 2
2197 2
2716 1
412 2
1651 1
3476 2
2868 1
1789 1
165 1
3144 2
2290 1
2773 1
2164 1
1231 2
331 2
2893 2
1689 2
2998 1
1414 2
2773 2
3651 2
2943 1
357 1
1344 1
895 1
845 2
3519 2
1090 2
1359 1
3356 2
2164 1
279 2
3634 2
3403 2
3633 2
2548 2
217 1
871 1
2859 2
3091 1
233 1
1557 1
541 1
1049 1
454 1
496 1
1805 2
2987 2
2798 2
1957 1
2284 1
3277 1
3404 2
2369 1
3462 2
3235 2
3686 1
157 2
29 1
1321 2
3277 1
2776 1
830 2
727 1
655 2
3070 2
479 2
688 2
2377 1
3385 2
2068 2
1791 2
1069 2
2429 2
1239 1
1612 2
2597 1
1573 1
507 2
1228 1
1269 1
229 1
3209 2
971 2
1588 2
613 1
340 2
3519 2
1420 1
3581 1
2263 1
2035 2
2491 2
79 2
1882 2
621 1
3135 2
2623 2
1617 1
1285 2
190 1
2150 2
2275 2
900 1
146 1
1903 2
373 2
3262 2
1771 2
54 1
1394 1
1885 1
640 2
1479 2
2275 1
3424 1
247 1
835 2
691 2
1933 1
2662 1
1477 2
2341 2
2875 1
2947 2
277 2
1279 1
2661 1
3491 1
2581 2
2200 2
1780 2
2755 2
2071 1
1277 2
929 2
2753 2
1882 1
295 2
1564 2
3361 1
995 1
2305 2
3519 2
1387 1
949 2
1625 1
2916 2
1987 2
3213 1
1517 2
2535 1
3631 1
929 2
3229 1
1743 1
2047 2
670 1
317 1
1829 1
436 2
1805 2
1238 1
2353 2
520 1
2647 2
2091 2
217 1
1359 1
852 2
487 1
1753 2
2057 2
198 1
2511 1
2377 2
2212 1
227 2
1843 1
1705 1
3149 1
2881 1
1203 2
109 2
3580 1
263 1
1719 1
1595 1
2165 1
3527 1
235 1
1909 1
649 1
133 2
1611 2
175 2
3003 2
919 2
2776 2
3163 1
3169 2
1531 2
2122 2
3583 2
1887 2
1240 2
1672 2
1060 1
1913 2
2159 1
2000 1
2542 2
2317 2
680 1
837 1
1898 2
283 1
3601 2
1315 2
1255 1
2806 2
3355 1
787 1
1982 2
1129 1
432 1
253 2
2809 2
1278 2
496 2
331 1
3013 1
1101 1
775 2
468 1
1858 2
2792 2
1365 1
1079 1
2709 1
309 1
2270 2
1089 1
2743 1
3525 2
850 1
2131 1
1231 1
1827 1
2971 1
53 2
2414 1
1623 1
1399 1
1411 2
1312 1
2899 2
1907 1
3619 2
1371 1
3613 2
347 1
440 1
2005 1
1219 2
1465 1
1 2
2776 2
3655 2
3053 2
1093 1
1753 1
1049 1
319 2
1690 2
2587 1
827 2
1087 2
828 2
3211 2
3419 1
625 2
625 2
2995 1
3185 2
3352 2
3583 2
2483 2
976 1
1967 1
425 2
2549 1
3029 2
1251 2
3447 2
3253 2
1581 2
753 1
2282 2
2609 2
986 1
681 2
2281 2
334 1
1809 2
1951 2
1579 2
2788 2
253 1
1261 2
625 1
1945 1
3391 1
2412 2
1513 2
1141 2
704 2
1957 1
1075 1
1979 2
2832 1
333 1
3320 2
969 1
655 1
817 2
751 1
1969 2
1247 2
622 1
37 1
25 2
765 2
763 1
843 2
175 2
374 1
109 1
1009 1
1020 2
1016 1
670 2
1976 2
783 1
3149 2
3131 2
115 2
2466 2
1699 2
1051 1
1537 2
2937 1
3063 2
1944 1
43 1
1643 2
3283 2
2056 2
893 1
2491 1
1228 1
417 2
2665 1
3427 1
2159 1
583 2
1828 2
679 1
1906 1
2248 1
2781 1
3182 1
3679 1
1985 2
277 2
140 1
2109 1
2239 2
2065 1
884 2
2377 2
889 1
3217 1
579 1
2662 1
2593 2
2548 1
3679 2
3103 1
2986 2
403 2
781 1
2263 1
2947 1
2403 1
2035 1
652 1
3555 1
427 1
2785 2
1 2
3128 1
995 1
2431 1
1309 2
3582 2
1282 1
3305 1
2675 1
1555 2
187 1
2356 2
361 1
875 1
2084 1
881 2
2891 1
1017 1
1721 2
3355 1
2383 2
1001 1
3628 2
821 2
1172 1
2738 1
2687 2
1421 1
1617 1
1821 1
2394 1
2802 1
603 1
862 1
1867 2
1316 2
1983 2
193 2
3683 1
2841 1
1600 2
1807 1
1433 2
3369 1
1594 2
1287 2
2022 2
1501 2
451 2
951 2
2575 2
3173 2
356 2
3079 2
7 2
2233 2
3337 1
1719 1
2573 2
3326 2
3466 1
2932 1
772 2
2281 1
409 1
2172 1
781 2
1543 2
3511 2
1718 1
2363 1
433 2
2431 2
1521 1
1825 1
655 1
3539 1
241 2
3140 2
3353 1
321 2
1267 1
1329 2
277 2
1359 2
1765 2
2337 2
1828 1
2533 2
3639 2
469 1
3259 2
2926 1
1503 1
2561 2
2429 1
2501 2
1795 2
3425 1
2619 2
2785 2
1197 1
1825 1
980 1
2000 2
773 1
1429 1
2893 2
439 1
3183 1
1189 2
895 2
2680 2
1291 1
3361 2
3676 1
278 1
1146 2
2134 2
49 1
394 1
1083 1
2566 1
1699 1
3266 2
2429 2
2719 1
3511 1
2195 1
413 1
595 1
3349 2
2681 1
1792 1
2121 1
1971 2
3363 1
978 2
1621 1
2821 2
3589 1
2839 2
1171 2
3649 1
2447 2
685 2
134 2
3331 2
2433 2
49 1
3607 2
3581 1
3161 2
415 1
3449 1
2587 2
1113 1
3217 2
1444 1
2845 2
808 2
1335 2
2031 1
2861 2
534 2
1177 2
1057 2
256 2
1741 2
2209 1
2489 2
3187 1
2197 1
2771 2
3341 2
2987 1
2437 2
2263 1
1241 1
3508 1
769 1
1669 2
139 1
1382 1
2083 2
3246 2
1215 1
921 2
1623 1
2941 2
2555 2
2917 2
524 2
1221 1
719 1
433 2
1243 1
346 2
3405 2
1115 1
493 1
3689 1
2353 1
3456 2
3436 2
135 1
1345 1
378 1
3471 2
3603 1
1972 2
1417 2
641 2
433 2
1460 2
334 1
463 1
639 1
1225 1
688 1
932 2
2589 2
2142 2
1205 1
1981 2
3438 1
1599 1
145 2
1269 2
3243 1
3127 1
2367 1
1572 2
765 1
1056 1
775 1
845 1
2563 1
3481 1
2433 1
1501 1
1085 1
2597 1
3235 1
167 2
2283 2
2033 1
2439 1
879 2
3587 1
2902 2
1581 2
593 2
3672 1
1081 1
2318 1
945 2
2591 2
1548 2
2669 2
2959 2
389 1
3271 2
3058 2
1612 1
1013 2
3589 1
1699 2
1045 2
816 1
2248 2
391 1
1095 1
3351 2
937 2
3601 2
359 2
2509 2
2125 2
211 1
848 2
2264 1
1805 2
2331 1
1744 1
1561 2
1261 1
3283 2
1353 1
2126 1
2494 1
3283 2
2594 2
3487 2
1820 2
3167 2
2111 2
2218 2
82 2
882 2
3197 1
1681 2
1467 1
2362 1
2302 1
2148 1
2755 2
1409 1
1333 2
3469 1
2783 1
1624 1
2373 1
3201 2
47 2
3295 2
3529 1
2913 2
3533 1
983 2
829 1
2408 2
2881 2
37 2
493 1
331 1
679 1
2269 1
1981 1
1760 2
331 2
3335 1
2401 1
3163 2
3433 1
547 1
2580 2
1384 1
1557 1
2776 1
3475 1
1874 2
858 1
1783 1
2227 2
55 1
3343 2
2246 1
463 2
1819 2
3619 2
3497 1
2031 1
173 1
1635 1
2023 2
3047 2
3161 1
1903 1
692 1
1369 2
343 2
669 1
981 1
2913 1
1079 2
5 2
773 2
1099 1
2369 2
229 1
2351 2
2653 2
2809 2
850 2
2537 2
701 2
3271 1
3363 2
1881 2
3305 2
544 1
2455 2
1185 2
1767 2
2917 2
2377 1
2050 1
965 1
2051 1
1027 1
155 1
1027 1
3433 2
217 1
3077 2
440 2
1224 2
63 2
3653 2
2325 2
3181 1
206 1
775 1
1897 1
1065 2
414 2
2365 2
2643 1
2785 1
1901 1
3575 1
1171 1
311 2
2141 1
866 1
1 2
2323 1
793 2
2599 1
1546 2
1696 1
2329 1
1528 1
1296 2
1438 1
1087 1
571 1
1132 1
670 2
863 1
1960 1
2008 1
1459 1
7 1
418 1
621 1
3013 2
2869 2
341 2
3623 2
1673 2
1303 1
1723 2
351 1
3113 1
1609 2
153 1
871 2
949 1
3528 2
2643 2
2119 2
1417 2
2591 1
3061 1
1885 2
3673 2
905 2
1723 2
1822 2
3513 2
1679 1
2357 1
798 2
3259 1
1269 1
2203 2
2359 1
1259 1
1722 1
1946 2
3145 2
1199 2
2629 1
1507 1
3309 1
2329 1
2641 1
2643 1
2039 1
3101 1
2713 1
1297 2
1411 2
2785 1
1528 1
341 1
2139 2
1522 1
151 2
1661 1
943 1
1965 2
93 2
1567 2
3193 1
3259 2
1475 2
3199 2
1920 1
3292 1
2036 1
2629 1
706 1
1672 2
3535 1
19 1
637 2
1573 1
448 2
3272 1
3313 1
3553 2
640 2
485 1
3245 2
1369 1
1396 2
835 1
1571 1
2309 2
867 1
163 1
2679 1
1690 1
419 2
3298 2
1026 2
2923 1
694 2
1417 2
3239 2
1192 1
2493 2
661 1
3249 1
1438 1
3499 1
387 2
1206 1
2486 2
2562 2
822 1
2131 1
59 2
1170 2
629 1
2371 1
3510 1
892 2
2971 1
3630 1
765 2
2481 1
1182 2
2695 1
3379 1
3385 2
543 1
1753 2
321 1
2722 2
1605 1
1099 2
751 1
507 1
2839 1
573 1
3233 2
2407 2
2469 2
3135 2
1119 1
3499 1
2176 2
1663 2
229 2
2263 1
91 2
604 2
944 1
3481 1
192 1
2116 1
197 1
565 1
3133 2
913 1
2101 1
2762 1
1395 1
435 2
1159 1
430 2
661 1
3465 2
561 2
2391 2
313 1
1385 2
3133 2
2399 2
1339 1
2607 1
1293 1
3257 1
2049 1
3445 2
2881 1
211 1
1093 1
2678 1
3557 2
679 2
2501 2
3127 1
3298 2
1612 1
3046 1
1411 2
575 2
625 2
2467 2
2527 1
3153 2
2488 2
1477 1
2488 1
2950 1
1390 1
1665 2
556 1
739 1
2933 1
3499 1
1219 1
1497 1
1923 1
631 2
2885 1
379 2
2806 2
3217 2
481 1
3619 2
3433 2
10 1
1877 1
3697 2
3499 1
3639 1
1850 1
3220 2
2419 1
3585 2
503 1
2485 2
2129 1
2493 1
2209 1
857 1
2131 2
3655 2
20 2
2575 2
1881 2
899 2
1149 1
3119 1
1034 1
3067 2
1423 2
1865 2
3546 1
1259 1
481 1
2779 1
2613 1
796 2
2971 1
931 2
2083 2
2689 2
2873 2
207 1
3094 2
1319 2
1177 2
2238 2
2864 1
3201 1
2707 1
2467 1
2425 2
2183 2
1 2
75 1
3439 2
2905 2
2830 2
1717 2
1970 2
1239 1
2705 2
259 1
427 1
2054 2
607 1
1277 2
981 1
3469 2
292 2
3615 1
513 1
2549 2
2845 2
1098 1
2604 2
2519 2
1117 1
87 1
1975 2
3571 1
3067 1
3654 1
3407 2
2913 2
1638 2
2757 1
1430 2
2464 2
1583 1
2761 2
225 2
3283 1
561 2
1113 2
2431 1
1249 1
1666 2
1423 2
2605 1
190 1
3343 2
1683 2
147 2
1607 2
2407 2
1138 2
3233 2
2272 2
1738 1
1832 2
3337 1
1813 1
1167 2
3435 2
1240 2
2809 2
1213 2
2224 2
2425 2
3049 2
3197 2
3477 1
681 1
407 2
1139 1
1261 1
1009 2
1061 2
1708 1
2143 2
181 1
729 1
1463 1
3275 2
369 1
619 2
2559 2
677 1
2655 1
1945 2
3390 1
3165 2
2895 1
80 1
1 1
1777 2
77 2
2113 2
1743 1
2164 1
595 2
1481 2
1333 1
2961 2
2121 2
1231 2
1125 1
245 1
1518 1
959 1
196 2
1357 1
3115 1
2533 2
3623 2
3532 1
1309 2
705 2
263 2
1639 2
871 2
49 2
1236 2
2537 1
1511 1
2461 1
158 2
109 1
1037 2
411 2
607 1
439 1
2251 2
2014 2
2347 1
1909 2
15 1
1006 1
3325 2
1338 2
2270 1
187 2
214 1
360 1
2203 2
336 2
706 2
2489 2
2725 2
2689 2
155 1
709 2
1 2
223 1
1713 2
2401 2
1193 1
2795 1
3629 2
1213 2
3136 1
1564 1
2169 1
3229 1
2653 2
1521 2
3575 1
1906 1
2057 2
655 1
615 1
2011 1
201 1
1431 1
2550 1
739 2
877 2
1822 2
1507 1
3049 1
2880 2
1387 2
2401 2
3706 1
2311 2
445 2
3446 1
1933 1
2588 1
327 2
3277 2
3045 2
2842 1
2549 2
1 2
2035 2
3071 1
2290 2
2240 1
2103 1
1048 2
3079 1
279 1
3711 1
2221 2
2005 1
1021 1
1597 1
2075 1
2947 2
2486 1
2705 2
1495 1
1099 2
865 2
2293 1
1801 1
211 1
3713 2
955 1
2006 1
108 2
1684 2
1253 2
3235 2
2350 1
1909 2
3259 2
1579 1
1421 2
1579 2
2766 1
2735 2
1300 1
2920 2
1570 2
794 2
3673 2
1449 2
3396 2
2584 2
3097 1
3077 1
97 2
2023 2
3122 2
1813 1
1681 1
1417 2
2565 1
2555 2
3104 2
2343 1
3196 2
1039 1
3391 1
3363 1
3205 1
1021 1
3611 2
1055 2
3232 2
2264 2
1371 1
970 2
2529 2
2729 1
979 1
352 1
2713 2
595 1
2599 2
1695 1
613 2
886 1
2581 2
207 1
709 2
2443 2
1321 2
37 1
631 2
2887 1
295 1
1001 2
662 1
1912 2
2849 1
3217 1
3435 2
529 2
2668 1
2973 2
2411 2
287 2
1963 2
1619 2
15 1
2679 1
2371 2
1799 1
1323 1
1487 2
1759 2
3067 2
3165 1
2381 1
2014 2
455 2
2219 1
157 2
505 2
1086 2
1945 2
565 2
1894 1
2847 2
2413 2
3018 1
3431 2
3136 2
2280 2
576 2
911 2
3213 2
3185 1
3517 1
456 2
3544 2
481 2
465 2
1879 2
2403 1
1879 1
2219 1
3533 1
709 2
715 2
551 1
1340 2
1093 1
1615 1
26 1
1156 1
1579 1
2982 1
413 1
2057 1
3661 1
2639 2
3667 1
3391 2
2767 2
1555 1
2446 2
3014 2
1024 2
2683 1
1939 1
1906 1
3267 2
568 1
553 1
2004 1
71 2
1111 2
3490 1
2453 2
540 2
967 1
3613 2
2629 1
1603 2
1473 1
1265 2
1747 2
828 1
2773 1
1161 1
2915 2
2916 1
3395 1
721 2
3399 2
2635 1
2641 1
195 1
2935 2
3201 2
3 1
3527 1
2027 2
3151 1
1309 1
211 1
1693 2
1990 2
1267 2
140 1
2557 1
1015 2
185 2
855 1
1247 1
1129 2
1973 2
1473 1
1360 1
1519 2
534 2
1531 1
2455 2
2989 1
1786 2
3292 1
811 2
2543 1
2797 2
2623 1
3410 1
903 1
2599 2
1036 2
1645 2
2442 2
3385 1
1319 2
1042 2
1 1
1313 2
49 1
3169 1
497 2
191 2
2363 2
361 1
2613 2
721 2
1985 1
2353 1
1925 2
2528 1
2809 1
1819 2
1965 1
3311 2
1815 1
1839 2
2302 2
773 1
1010 2
2158 2
89 2
2331 1
2605 1
180 1
18 1
3243 1
1912 2
2298 2
3025 1
693 2
3121 2
299 2
3512 2
601 1
205 2
1819 2
1147 1
2059 1
425 1
664 1
2991 2
3157 2
1189 2
3239 2
476 1
1465 1
781 2
3457 2
1825 2
2226 2
1053 1
2283 2
1463 1
629 1
1879 2
1927 1
127 2
1719 2
1891 2
928 1
2536 1
1096 2
535 1
1839 1
3451 1
303 2
1963 2
1573 1
543 1
3058 2
403 1
1995 2
1304 1
2506 2
1783 1
125 1
2969 1
2688 2
2857 1
1811 1
3613 1
3125 2
3201 1
40 1
2771 2
2347 2
2269 1
943 1
3337 1
697 2
3068 1
397 2
917 2
587 2
1558 2
2593 2
1383 1
260 1
2457 2
1409 1
1657 2
777 1
1522 1
511 1
2959 1
3525 2
1771 1
2403 1
1818 1
2013 1
3607 2
1723 1
421 1
1639 2
3463 1
1239 2
131 2
2477 1
447 1
2221 1
3691 1
3573 1
2663 2
3398 1
959 1
205 2
1323 1
1482 2
3586 2
1561 1
715 1
1432 1
480 1
1132 1
39 2
571 1
950 2
608 2
907 2
3171 1
1685 2
1502 2
3013 2
1003 1
1471 2
1659 2
1643 1
2131 2
1831 1
99 1
1081 1
467 2
3688 1
2894 1
2177 2
735 1
1522 1
1627 2
3103 1
2668 2
2442 1
1659 2
2635 1
2353 2
893 2
2120 2
2893 2
3410 1
1747 1
1945 2
1953 2
1807 2
3130 1
37 1
553 2
3553 1
1138 2
3605 2
2300 1
502 2
886 1
547 2
2551 1
1911 1
47 1
2425 2
455 1
3191 2
2797 1
2566 2
185 1
2155 2
1477 2
3608 2
3489 1
1837 2
796 1
3316 1
2119 1
1183 1
1353 2
569 2
197 2
3057 2
845 1
2673 1
3361 2
2069 2
635 1
886 1
1023 1
595 1
2351 2
3065 1
2104 2
3673 1
1306 1
1675 2
1148 1
3051 2
2197 2
3500 2
3084 2
2651 1
1837 2
3216 2
643 2
205 2
2117 1
1423 2
1033 1
2179 2
628 1
2083 2
3302 1
2048 2
2667 2
1345 2
391 1
2296 1
3585 2
1333 2
3079 1
1599 2
3448 1
3013 2
504 1
2591 1
2260 1
313 1
1432 1
3517 2
193 1
1797 1
3191 1
799 1
930 2
3273 2
543 2
940 2
2319 1
3595 1
2496 1
961 2
607 2
3691 1
747 1
202 2
3205 2
989 1
991 2
3373 1
1429 2
1815 1
3441 1
903 2
1840 1
1609 1
3081 2
1983 1
1243 2
3487 2
586 2
1895 1
2839 1
629 1
1303 2
1000 1
2599 1
823 1
1219 2
2041 2
2171 1
1032 2
1807 1
2194 1
3053 2
1360 1
3457 1
1339 1
491 2
33 1
3553 1
3545 1
74 2
2231 1
2553 2
2743 2
1900 2
1033 1
1 2
1069 2
2319 2
2908 1
3337 2
3229 2
3457 2
133 1
2197 1
2289 1
2314 1
715 1
2703 1
2411 1
1995 2
133 1
2761 2
1231 2
2773 2
1767 1
168 2
205 1
1309 2
3709 2
3261 1
1285 2
905 2
323 2
2403 1
2357 1
640 2
701 2
1555 2
2093 2
2903 1
735 1
2882 2
1701 2
385 2
2807 2
2524 1
451 2
3127 2
496 1
2797 1
2438 2
949 1
3155 1
2209 1
1849 2
2294 2
844 1
2371 2
2046 1
1395 2
3533 1
937 1
401 1
2556 2
2679 2
1627 1
3289 1
3249 1
1177 1
1532 2
1804 2
344 2
1581 1
377 1
2821 1
685 1
667 2
788 1
859 1
893 2
493 1
3516 2
3199 1
859 1
1155 2
3343 1
1873 1
619 2
1317 2
122 2
3483 2
751 1
3109 1
1547 1
159 2
445 1
2135 1
3596 2
2560 1
3223 2
308 2
1529 1
1258 2
3265 2
3402 1
3177 1
2206 2
441 2
3218 1
2299 2
229 1
2339 2
1940 1
2057 1
619 2
1069 2
175 1
2953 2
1039 1
2431 2
237 2
1907 1
463 1
1099 1
1930 1
2682 2
2617 2
1219 2
2137 1
3553 1
1972 2
2053 2
1771 2
503 1
3445 1
1225 1
1222 1
237 1
1925 2
637 2
2479 2
1709 2
33 1
1945 1
2282 1
829 1
2785 2
1645 1
3607 1
3511 2
3046 1
1108 1
97 2
963 1
818 1
1555 1
1527 2
894 2
2509 2
3249 2
1179 2
2697 2
1735 1
715 1
3247 1
1555 1
3007 2
823 1
1694 2
1787 2
1763 2
1819 1
2989 2
1873 1
1821 1
3660 2
3079 1
7 1
3046 1
2455 2
1885 2
871 1
283 1
3319 2
250 2
717 1
3127 2
2428 1
2595 2
3427 2
2335 1
1629 1
355 2
1140 2
1069 1
3017 1
2809 1
871 2
967 2
3438 2
1735 1
3096 2
2530 1
2640 1
3025 1
1903 1
2329 2
3174 1
131 2
2227 2
3617 2
704 1
859 2
3684 1
2138 2
1927 2
91 1
1151 2
3088 1
1093 1
2870 2
1150 1
1419 2
2061 1
2557 1
1822 2
2071 2
3648 2
2833 2
299 2
2152 2
3632 2
3677 2
385 1
2285 2
909 2
3529 2
2727 2
3417 2
357 1
2659 2
643 2
1094 2
1951 1
3445 1
1632 2
417 1
173 2
403 1
2711 2
379 1
3425 2
2395 2
1438 1
3658 2
701 2
3443 2
3324 2
3103 1
3337 2
2221 2
237 2
937 2
1813 1
1569 2
1669 2
1717 2
1249 1
890 1
457 2
1831 2
865 2
3049 1
2701 1
1866 2
955 2
3087 1
563 2
1147 1
1291 1
1627 1
1314 1
1663 1
3281 2
1665 2
2639 1
769 2
525 2
286 1
2323 1
1813 2
3009 2
1768 2
2831 2
1585 1
751 1
3289 1
881 2
1797 2
2530 1
607 2
1478 2
286 2
997 2
453 2
2093 2
349 1
2123 2
1063 1
2363 1
439 1
87 2
1763 1
2757 2
859 1
544 1
3388 2
2653 1
1807 1
3279 1
1793 2
2094 1
145 2
3039 1
2541 1
2713 1
511 2
1082 2
2753 1
2225 2
1759 1
2158 2
2599 1
1178 1
2728 1
295 2
3032 1
1251 2
2547 2
33 2
3401 1
665 1
1679 2
1412 2
441 1
311 2
883 1
193 2
2263 2
393 2
2875 1
1299 1
1694 1
2015 1
379 1
2750 1
3217 1
3001 2
1051 2
943 2
1881 2
1600 2
1411 1
3691 2
2347 2
1485 2
3289 2
256 2
269 1
1311 1
566 2
3157 2
2478 2
757 1
1552 1
3061 2
2893 1
1847 2
385 1
1147 2
1251 2
1978 1
3481 1
3321 2
754 2
667 2
2030 2
3408 2
1967 1
1877 2
442 2
188 1
59 2
1141 1
1437 1
1738 1
3438 1
2349 1
3673 1
1699 2
3032 1
3463 2
2891 1
3201 2
2421 2
2093 2
276 2
1357 2
3051 1
2609 2
2461 1
1795 2
2573 2
2997 2
1357 1
930 2
3685 1
2121 2
529 2
716 1
2477 1
1430 1
2671 1
2161 2
426 1
1855 2
2273 2
1627 1
2677 2
1817 2
2983 2
614 2
495 1
2361 2
1915 2
1381 1
1421 2
3553 1
2797 2
1325 2
607 1
2779 2
1866 2
561 1
3631 2
907 2
1543 1
694 2
2990 2
2961 2
361 2
665 2
2337 1
1267 1
2267 2
3092 2
887 1
3124 1
2758 1
1025 1
1243 2
365 2
2221 2
311 1
2898 2
288 1
2416 1
2218 1
1522 2
1440 2
637 2
2383 1
362 1
2467 2
1093 2
1565 2
1761 1
673 2
3607 2
2485 1
1923 2
1449 1
2931 1
1349 1
2951 1
2817 1
1831 2
945 1
3067 2
123 1
2741 1
3505 2
1131 1
59 2
2583 1
3295 2
570 2
2707 2
1615 2
1863 1
153 1
387 1
1582 1
3389 1
2563 2
2977 2
2649 2
924 2
2661 1
858 2
417 1
841 2
1807 1
3235 1
1739 1
3430 1
1437 1
1763 2
1909 2
2246 1
346 1
1418 2
3490 1
1771 2
3385 2
390 1
1231 2
1821 1
3119 2
3100 2
81 2
2017 1
3224 1
3535 1
319 2
129 2
1627 2
2169 2
2902 2
3615 2
3641 2
3657 1
3457 2
1405 1
2705 2
1541 1
2365 1
1782 2
3061 2
1479 1
2911 2
1811 1
2599 2
2041 1
843 2
427 1
1241 2
227 2
3517 2
2347 2
864 2
3151 1
2119 2
2831 1
691 1
1351 1
2476 2
977 1
3605 1
2515 2
1796 2
571 1
2206 2
2716 2
3037 2
2247 2
682 1
2243 2
237 2
3705 1
1821 2
2413 2
787 1
378 1
3211 1
3343 1
1816 2
539 2
3231 1
2367 1
3328 2
3028 1
433 2
127 1
1529 2
3533 2
604 1
57 1
427 2
552 2
1053 1
2089 2
621 1
2405 1
2353 1
3044 1
1895 1
231 2
766 1
618 2
1873 1
2485 2
459 2
253 2
2577 2
1835 1
2899 2
3468 2
3579 2
587 1
1893 1
289 2
1381 1
679 1
642 2
3265 1
991 2
2353 2
3271 2
3710 2
2662 1
2493 1
2089 2
2501 2
583 2
2649 2
922 1
875 1
1755 2
119 1
394 2
1527 1
503 1
2855 1
899 1
3259 2
229 2
799 2
1768 1
1090 2
1531 2
160 2
645 1
1387 2
3145 2
1786 1
3191 2
1575 2
3501 1
3271 1
2653 2
1859 1
28 2
381 1
3473 2
2338 2
31 1
2455 2
3045 2
3453 2
613 1
3163 1
2401 1
1631 2
359 1
3398 1
2686 1
2297 2
2387 2
2215 2
825 2
1561 2
481 2
1764 2
2404 2
297 2
424 2
2071 1
1227 2
2938 1
93 1
1 2
2339 1
1612 1
881 1
1777 1
1209 1
1166 2
1897 2
1526 2
2231 1
3547 1
882 1
1762 1
355 2
403 2
597 2
2959 2
1239 2
753 2
169 1
2089 1
1597 1
1915 2
1177 1
2325 1
3185 2
1168 2
3288 2
3178 1
2909 2
2266 1
1353 1
1725 2
647 1
184 2
1149 1
1859 1
1605 1
2763 2
287 2
1711 1
2353 2
3280 1
411 1
2833 2
3343 2
298 2
30 1
883 2
3063 2
1137 1
2191 2
2881 2
1673 1
946 2
973 2
1915 1
76 2
976 1
2845 2
2757 1
967 1
2353 2
616 2
91 1
2743 2
2757 2
3110 1
1342 1
1721 1
420 1
2463 1
2351 2
1916 2
2731 2
1921 2
3661 2
1018 1
1053 2
3577 1
595 2
1321 1
1042 2
1292 1
2913 1
2943 2
3679 2
321 1
797 1
2672 2
910 2
2050 1
213 1
275 1
207 2
2044 1
2293 1
2353 2
1749 2
3271 2
3240 1
2517 1
1309 2
2218 2
3539 2
487 1
3621 1
1471 1
2848 1
283 2
3571 2
2864 2
251 2
3185 2
279 2
1207 1
3398 1
1551 2
3109 1
3061 2
2470 2
690 2
1069 1
2641 2
2704 2
1156 2
3373 2
561 1
3359 2
199 1
1021 1
3291 1
3045 1
628 1
688 1
1672 2
151 2
1425 2
809 2
854 2
3565 1
1443 1
877 2
919 1
1795 2
1762 2
519 1
1117 2
307 2
2963 1
2273 2
2765 2
805 2
81 2
2209 2
2607 2
935 1
2416 2
3331 1
2883 1
1921 2
1729 2
1919 2
281 1
2381 2
909 1
564 1
1843 2
1392 1
943 1
883 2
1177 2
523 2
1161 2
2375 1
757 2
3582 1
1815 1
2230 1
327 1
2342 2
2056 1
1111 1
645 1
1879 1
2677 2
1058 2
2791 2
2187 2
1601 1
1849 1
925 2
2409 2
1485 1
316 1
937 1
3454 1
823 1
173 1
2839 1
391 2
2515 1
3589 2
1171 1
3646 1
2332 1
520 1
1785 1
1069 2
847 2
1771 2
279 2
2135 2
723 2
3673 2
3035 2
910 1
1864 2
889 2
3448 1
1467 1
2567 1
2901 1
1213 2
2650 1
697 2
1797 1
2089 1
3621 2
3214 1
1313 1
2017 2
2541 2
277 2
2172 2
1863 1
280 1
793 2
1253 2
3538 2
1211 1
28 1
277 2
2407 1
3613 2
893 2
1171 1
745 1
3109 2
2797 2
3209 1
410 2
547 1
3217 2
2491 2
2451 2
943 1
2425 1
841 2
3414 2
3355 1
2563 1
2221 2
215 2
1975 1
3317 1
1193 1
3492 1
1135 2
2993 2
31 1
235 1
1179 2
2858 2
792 1
481 2
3197 2
1209 1
491 1
2773 2
47 1
655 1
1583 2
2353 1
859 2
1879 2
1509 2
2337 2
3109 2
347 2
1438 1
3415 1
1447 1
1091 2
849 2
487 1
25 1
1549 2
1797 2
155 2
999 2
490 2
3453 2
1603 1
3669 1
2767 1
95 1
557 2
79 1
3543 1
1661 2
3565 1
1876 1
2701 1
1943 1
1819 1
2110 2
2647 1
2351 2
3040 2
2875 2
1847 1
3139 1
1463 1
226 2
1049 1
126 2
523 2
2121 1
1327 2
191 1
1591 2
223 2
3639 2
2565 2
1969 1
2779 2
3671 2
1276 2
1841 1
3395 2
864 1
2584 2
1693 2
3211 2
2227 1
1351 2
2769 1
778 2
2403 2
3578 1
2361 1
2617 2
2143 2
3370 2
1528 1
1143 2
3454 2
3213 1
2667 2
874 1
585 1
167 1
2201 1
1773 2
431 1
1981 2
2833 2
237 1
925 1
2380 2
2234 1
3395 1
1599 1
2722 2
2185 2
523 2
1 2
1443 2
2668 2
2312 2
2701 1
1849 1
3239 2
2335 1
3373 1
1891 1
1633 2
3577 2
1743 2
239 1
1087 2
145 1
2127 1
2609 1
3329 2
2305 2
2309 1
559 2
219 2
725 2
2821 1
3471 1
2339 2
2555 2
2071 1
1506 1
3337 2
1725 2
2141 2
3665 2
1162 1
2837 1
424 2
2335 1
3683 1
3695 1
2148 1
2431 2
2832 1
1360 2
3547 1
1513 1
536 1
28 2
2123 2
2862 1
3203 1
491 1
2126 2
2350 1
3159 2
3195 2
1801 2
2829 1
721 1
2343 1
1036 1
3551 1
3121 1
593 2
2415 1
2671 1
238 1
674 1
2903 1
2506 1
3561 2
2461 2
2315 2
97 2
3622 1
1255 1
164 1
2649 2
3217 2
63 2
3229 2
3116 2
1873 1
583 1
31 2
2973 2
511 1
3037 2
224 1
1699 2
1351 1
3619 2
3082 1
2396 2
1567 1
3577 2
901 2
2450 1
1617 1
640 2
1804 2
604 2
3118 2
482 2
2107 1
1738 2
3289 1
530 1
651 2
601 2
2615 2
2983 2
1699 1
3025 2
2685 2
2251 2
2488 1
427 2
611 2
1639 1
2767 1
2613 1
733 1
121 2
2498 1
1858 1
3319 1
223 1
1045 2
82 2
1561 2
691 1
913 2
3518 1
841 1
3249 2
109 1
1213 2
2837 1
2830 2
253 1
3157 1
16 2
2537 2
687 1
1085 2
2145 2
2981 1
2002 2
2664 1
3277 2
3625 1
799 2
1204 1
1567 2
1983 2
2473 1
1573 2
2235 2
3497 1
1795 1
5 2
1190 1
2065 2
2980 2
2238 2
2841 2
2800 2
3519 2
2020 1
1078 2
247 1
3211 2
1257 2
1789 1
1117 2
1699 1
3565 1
2193 2
2851 2
3526 1
2914 1
1633 1
2899 1
2248 2
1507 2
2893 2
1417 2
2807 2
631 1
1780 1
3043 2
781 2
460 1
386 2
3137 1
2933 2
487 2
3017 2
2701 2
427 2
197 2
2836 1
2791 2
2491 2
571 1
1523 1
2404 1
1147 1
167 1
968 1
2350 2
283 1
334 1
2125 2
1465 1
731 2
3253 2
421 1
2199 2
283 2
1745 2
2101 1
1187 1
945 1
3241 1
1468 2
2131 1
801 1
1199 1
1009 2
1781 1
1875 2
2247 1
2508 1
3244 1
539 2
308 2
679 1
2971 1
2137 1
1429 1
3037 1
3464 1
3253 2
1351 2
1565 1
175 1
83 1
1957 1
1611 2
825 2
2115 1
841 2
49 2
983 1
3325 2
3139 1
1831 2
1233 1
3557 1
576 2
3678 1
3059 2
979 1
2725 1
565 1
1072 1
2935 2
1069 1
34 2
439 2
2185 1
2166 1
1161 2
1921 1
246 1
3489 2
2781 1
522 2
1752 1
1216 2
2285 1
1117 1
1333 1
662 1
2755 1
1036 2
1963 1
1799 2
2473 1
3527 2
3097 2
787 2
915 2
3465 1
2389 1
1753 1
1273 1
613 2
296 1
2971 1
2503 1
931 1
260 1
3229 2
811 1
493 1
974 2
2791 2
171 2
1431 2
1715 1
2702 1
453 1
3364 2
2149 2
526 2
1537 2
2833 2
925 2
2662 1
1815 2
2231 2
1159 2
713 2
2033 2
369 2
1313 1
2497 1
3192 1
727 2
3323 2
3017 2
3563 1
907 1
479 1
1261 1
3535 2
1969 1
2815 1
1093 1
445 1
1435 1
958 1
2154 2
2155 1
107 1
451 2
569 2
1749 2
2041 1
1945 1
3298 2
1765 2
3571 1
61 1
1744 2
920 1
3667 2
1811 1
1485 1
3642 2
3187 2
3379 2
1951 1
2106 1
1144 2
371 1
2335 2
2345 2
970 2
3073 1
1039 2
965 1
1071 1
2227 1
2766 2
103 2
3037 2
1714 1
937 2
1601 1
3067 1
101 2
2160 2
703 2
369 1
2481 1
2545 2
322 2
2077 1
1953 1
3685 2
3187 2
2449 2
3255 2
2447 1
397 2
3259 2
1156 2
261 2
3649 2
