8400 10034 2594
6011 1
3617 2
5681 2
9632 1
2676 2
7065 1
3173 2
2061 2
949 2
9554 1
8302 1
8946 2
5405 2
4772 1
144 1
6743 2
1699 2
4687 2
7690 1
4534 2
6994 2
2541 2
4694 2
5513 2
1938 2
9234 2
1086 2
4704 2
8534 1
3273 1
1600 1
8718 2
3942 1
4573 1
4277 1
7111 1
9333 2
5561 2
728 2
8282 2
421 2
9933 1
3416 2
8866 2
3404 1
4549 2
5754 2
8611 2
7106 1
7363 2
7032 2
7676 1
1059 2
4471 2
6357 1
9536 2
9322 1
4469 1
4647 1
8020 1
7929 1
8430 2
1671 2
4314 1
3514 2
4524 2
9808 2
3842 1
8883 1
3068 1
1460 2
9877 1
2013 1
7838 1
231 2
4023 2
7356 2
2563 2
4928 1
4894 2
55 1
281 2
3936 1
3866 2
8722 2
5883 1
8906 2
9718 1
5759 2
182 1
2221 2
1715 1
6401 2
8265 1
8432 1
9417 1
8251 2
9583 1
8607 2
5075 2
6539 1
7905 2
3382 2
5820 2
4837 2
482 2
2115 1
5604 2
2526 2
9135 2
8352 1
9190 1
9869 1
760 1
7018 2
5743 2
7711 1
6881 1
9560 1
9127 1
6492 1
202 2
3783 1
6860 1
1188 1
9772 1
6694 2
7620 2
6434 2
2587 1
6518 1
4601 1
1278 1
9703 2
299 2
4690 2
3760 2
9215 1
4095 1
9528 1
10027 2
999 2
1061 2
8950 2
8870 2
6161 2
4458 1
8691 1
8531 2
1498 1
1066 2
3055 1
9981 1
7566 1
1362 2
10030 1
8117 1
2709 2
9709 2
7939 2
6132 1
4381 2
3338 1
8508 1
597 1
8928 1
6741 2
1918 2
1424 2
9691 2
9966 2
9303 1
4791 1
538 2
5010 1
9283 1
3988 2
4833 2
4153 2
3862 1
4272 2
8594 1
9345 1
7460 1
619 2
4168 2
7799 1
3148 1
5431 1
2609 2
1789 1
1288 1
5116 2
4272 2
8617 2
6587 2
7675 2
4804 1
1884 2
2609 2
1107 1
8819 1
2575 2
8864 1
2055 1
4217 1
9611 2
8953 1
8006 1
8061 1
2606 1
4446 1
3011 2
6547 1
1580 1
3644 1
4506 2
8264 2
599 2
6201 1
4899 2
1634 2
6708 2
6319 1
3488 2
984 1
9564 2
4758 2
4820 2
5241 1
1326 2
6057 2
3659 2
1589 1
8208 1
2977 2
157 1
2534 1
6527 1
1512 2
4909 2
1661 1
1190 2
6902 2
6798 2
3903 2
10001 2
8550 2
7310 2
9281 1
1953 2
8388 1
8040 1
4697 2
1106 1
1052 2
9306 2
6374 1
6297 2
6501 2
6792 2
7407 1
9121 2
9447 1
1466 1
5179 2
923 1
4559 2
9827 2
6396 2
9067 2
9016 1
862 1
2161 2
4771 1
1379 2
244 2
722 2
7331 1
9294 1
7595 1
3519 1
8508 2
1673 1
5696 1
1594 2
6099 2
312 2
9866 1
7858 1
5063 2
8532 1
5716 1
5450 1
5131 1
3006 2
9852 1
7360 2
9873 2
8408 2
1397 1
9842 2
2015 1
8737 1
6566 1
168 2
3496 1
9302 2
6154 2
4553 2
5339 2
658 2
6232 1
3398 1
9639 2
2106 2
7132 2
4109 1
4421 1
5723 1
5501 2
9207 2
9843 1
7980 1
8442 1
3231 2
7892 1
8573 2
7809 1
2894 2
7457 1
8824 1
7437 1
3560 2
5075 2
9151 2
5252 1
6042 1
4410 2
7880 1
5133 1
9912 1
8728 2
6819 1
3551 2
7171 1
4171 1
7111 1
472 1
7302 1
8928 1
3301 1
3937 1
6655 1
2823 2
175 1
4052 1
1963 2
3298 2
5952 2
8864 2
159 2
5744 2
2087 1
7568 1
8102 2
9422 2
2775 1
2282 2
8775 1
9528 2
1589 1
7483 1
1227 2
4604 1
9880 1
5805 1
8726 1
3256 1
6546 1
4330 2
6660 1
6819 2
9229 1
1104 1
7761 2
3866 1
7277 2
2835 1
6280 2
3738 2
5226 2
6488 1
2877 1
8448 1
1519 2
5798 2
6553 2
5146 1
8739 2
2576 1
926 2
2266 1
7199 1
6299 2
251 1
3381 1
6253 2
1717 1
1090 2
433 2
9728 2
5570 2
885 1
2127 1
6298 2
6819 1
2491 1
60 2
3025 2
85 2
550 2
8842 1
1806 2
5651 1
5772 1
1572 2
5053 1
9675 1
2266 2
4995 2
6666 2
6854 2
7887 2
8557 1
4973 2
1959 2
966 2
5341 1
3278 2
842 2
3164 2
2207 2
4650 1
3049 1
113 1
7313 1
2111 1
5113 2
1790 1
8606 1
6373 2
3527 2
2253 2
3933 1
360 1
8540 1
3319 2
7768 1
7552 1
3453 1
721 2
8327 2
7875 2
1936 2
7001 1
5039 2
9575 2
4033 2
8041 1
1980 2
9003 1
1441 1
4976 1
282 1
7825 2
9588 2
5052 2
5917 2
1919 2
5906 1
8170 2
6325 2
9574 1
7892 2
5517 1
784 2
6573 2
324 2
355 1
4737 1
4392 1
8598 2
8354 1
1422 1
895 2
2005 1
986 1
9410 2
5155 2
6316 2
4231 1
4860 2
3976 2
7588 1
1106 2
6533 2
9993 2
2791 2
4935 2
2276 2
6219 2
6939 1
2021 2
3149 2
9395 1
9323 1
2693 1
9393 1
5533 1
4463 1
326 2
2843 1
7421 2
332 1
9893 2
5922 1
3236 1
4194 1
6873 2
8884 1
7518 1
6914 1
8351 1
5452 2
5146 2
7913 1
548 1
6650 1
9550 2
5258 1
1662 1
3986 1
2261 1
418 1
7634 2
368 2
3001 2
4951 2
2728 1
4888 2
7907 1
2791 2
7271 1
5117 1
1802 2
7152 1
3936 2
911 2
8006 2
5090 1
9753 1
17 2
4723 1
4655 1
89 2
1922 2
520 1
5668 2
1080 1
3905 1
9467 2
6217 2
4938 2
6283 1
5662 1
7789 1
2111 2
3007 2
8479 1
7012 2
6250 1
4859 1
5479 1
6766 2
9955 1
4079 2
4438 1
641 1
862 1
7730 2
1564 1
4591 2
2824 1
5465 1
5823 2
3387 1
1101 2
4090 2
4648 1
1453 2
2304 2
768 1
3015 1
3071 1
5023 1
9817 1
9672 2
8035 2
5047 1
2815 1
8303 1
7207 2
2493 1
7794 2
7962 1
3748 2
5429 2
8665 2
9026 2
4937 2
3231 1
3991 2
7931 1
9060 2
266 2
3676 2
10006 1
128 2
1266 2
2310 2
4735 2
3211 1
6153 2
4417 1
3425 1
5024 1
9415 2
5041 2
9491 1
1567 2
8332 1
8138 1
8199 1
7847 1
5623 2
9992 1
7107 1
972 1
7948 2
1497 1
2703 2
1637 1
1144 1
526 2
4074 1
5734 1
3352 2
8236 1
7177 1
5997 1
3077 2
3902 2
5925 1
2132 2
5530 2
3224 2
6912 1
8708 2
1197 2
8818 2
5986 2
7611 2
7579 2
6036 2
6496 1
5100 1
9355 2
3090 2
1937 2
1563 2
5188 2
9628 1
4266 1
1201 1
8685 1
8575 1
8103 1
6061 2
8213 2
3480 2
1131 1
9430 1
7323 2
7963 2
3926 2
1308 1
8886 2
9281 1
2003 2
4579 1
9631 1
4696 2
1869 1
9360 2
2570 1
925 2
5669 2
1791 1
8647 1
8847 1
8576 1
7705 2
8762 1
9648 2
3366 2
3811 2
5571 1
997 1
5456 1
9431 2
5811 2
267 1
5616 1
5697 1
4206 1
4599 2
2889 1
4732 1
4176 1
4776 1
3715 2
6586 1
6439 2
8580 2
1398 1
6241 2
9951 2
2148 1
8064 1
7872 2
3503 2
7943 2
3822 1
6426 2
2093 1
4700 2
8551 2
634 1
6415 2
2185 1
7348 2
9296 1
5215 2
1977 2
9384 1
2808 2
4460 1
6864 2
8503 1
9961 1
3781 1
6305 1
4735 2
757 2
8295 2
5954 2
8183 1
866 2
1045 1
5559 2
7355 2
5865 1
855 1
5958 1
7872 1
6334 2
6684 2
9603 1
4492 1
1827 2
5666 1
5788 1
3099 1
7743 2
530 2
4188 2
928 1
2649 2
2115 2
3951 1
9660 1
2735 2
8450 2
7911 1
475 1
6169 1
7875 2
6354 2
6363 1
8407 1
874 1
2803 1
1052 2
792 1
1311 2
6341 1
6546 1
760 1
800 2
4400 2
9114 2
4261 1
2396 2
1785 1
833 1
8198 1
922 1
4324 2
1759 1
8522 2
7714 2
3860 1
8004 1
5509 1
3500 1
4995 2
8109 1
5395 2
8038 2
7311 2
6395 2
9401 1
7915 1
704 1
9678 1
2464 1
938 2
4412 2
2055 1
152 1
8777 1
4566 1
2644 2
892 1
8454 2
7425 2
1638 1
5512 2
5916 2
8300 2
2415 1
5832 2
3306 2
4347 1
7862 1
5358 1
7231 2
8616 2
5804 1
2256 2
7612 1
711 1
1174 1
1244 2
4397 1
651 1
6848 2
9406 2
5941 1
4631 2
8777 2
9972 2
7780 1
2598 1
5792 1
2553 1
6333 2
3789 2
1070 1
3331 1
7161 1
8231 1
5679 1
6560 2
433 1
7663 2
6890 2
7930 1
161 1
3386 1
2644 2
5664 1
3000 2
4511 1
6612 2
4196 2
8682 1
7141 1
6136 2
4015 2
2205 2
8999 1
6733 1
384 1
5778 2
3427 1
4927 1
4254 1
6505 1
4513 2
1272 1
9177 1
4056 2
3685 1
3153 1
5568 1
1427 1
9936 1
5649 2
9735 1
2052 1
7267 1
7471 2
8764 2
3328 1
6088 1
7952 1
1548 2
7862 1
4561 1
128 1
8584 2
1960 1
5491 1
10001 1
9384 1
1028 2
8095 1
6710 1
8558 1
9906 1
9771 1
6110 2
1093 2
6242 1
9184 2
6406 1
8659 2
9779 2
8664 1
2879 1
6251 2
3647 2
559 2
6579 1
7419 2
5906 2
9004 2
8930 1
4052 1
7526 1
3717 1
1801 2
4223 2
2775 2
7240 2
8138 2
3579 2
9433 1
7196 1
9553 1
4221 2
8558 1
2211 1
837 1
2015 1
613 1
3093 2
7826 1
600 1
3633 2
2843 2
9076 1
5277 1
238 2
8382 2
8225 2
9655 2
7971 2
5943 2
1956 1
1502 2
7570 2
271 1
9329 1
1804 2
7392 2
4821 2
6924 2
2060 2
5980 1
8153 2
9003 1
4903 2
1614 1
3584 1
4191 2
6251 2
8226 2
9526 2
5998 1
6058 2
4399 2
6955 1
8374 1
7323 1
9839 2
2544 1
9873 2
4837 1
9819 1
4001 2
3786 2
6737 2
6918 1
383 2
7591 1
7192 1
3641 1
6859 2
9 1
1568 2
3721 1
4292 1
7810 1
6602 2
4397 1
5944 2
8951 2
228 2
6716 2
9823 2
5558 1
290 2
4320 1
5996 1
6885 2
9486 1
149 2
317 1
3464 2
9149 2
3520 1
957 1
8669 1
7906 1
9490 2
9773 1
5617 1
5592 2
7568 2
5830 2
7552 1
8599 2
6732 2
2539 2
5233 2
5181 1
6500 2
5745 1
5082 2
3619 2
8461 2
7312 1
6631 2
79 1
2606 1
6271 2
639 2
4769 2
6628 1
4080 1
1789 2
8845 2
791 1
7729 2
3414 2
6072 1
6430 1
5042 2
9680 1
7222 1
6861 1
9322 2
733 2
5623 1
1750 2
1487 2
9127 2
4977 2
6650 2
4475 1
728 2
2729 1
382 1
3373 2
2669 1
5471 2
8227 2
1415 1
2807 1
2314 1
2428 1
8296 1
7156 2
4182 1
6509 2
2534 2
3189 1
5594 1
3001 2
1681 2
785 2
8411 2
8351 2
784 2
4821 1
329 2
5996 1
6576 1
1226 2
6454 2
8597 1
7754 2
6528 2
7982 2
8246 1
4787 1
5117 2
2728 2
1846 2
4165 2
6272 1
5955 1
4094 2
8652 1
8062 2
6494 2
8859 1
573 1
9491 1
8809 1
2385 2
6708 1
4262 1
9273 2
4984 2
1914 2
2653 1
4587 2
8241 2
9986 1
1993 1
905 2
1927 2
6325 1
5579 1
2328 2
5704 2
2473 1
213 2
7298 2
4270 2
8129 1
648 1
6520 2
6579 1
1774 1
9987 1
4108 2
5350 1
7204 2
2771 1
5435 2
1400 2
8215 1
3625 2
3279 1
1074 1
8608 2
4913 1
7738 2
8028 1
7215 2
2759 1
7672 1
610 1
5769 2
10029 1
520 2
128 1
7400 1
9700 2
8306 1
3205 2
4214 2
7747 1
4820 1
4091 2
6309 1
8123 1
3199 2
1444 1
6160 1
9411 1
2536 1
5561 2
3396 2
1863 1
4412 2
3478 1
7312 2
5089 1
6721 1
4861 2
5183 2
1885 1
155 1
2716 2
9315 1
6144 2
5707 2
5609 2
1415 2
5447 2
4191 2
7051 2
9272 2
6421 1
639 2
97 1
9157 1
7401 2
1897 1
1086 2
658 2
1213 2
1392 1
4136 2
6421 2
3246 2
9653 2
858 1
5417 2
3285 2
71 2
1010 1
5490 1
6056 2
3198 1
7082 2
5766 2
5114 2
8664 1
5571 1
2929 1
8769 1
2184 2
7732 1
1854 1
9666 2
4605 1
1548 1
7585 1
7309 1
1063 2
9812 1
987 1
7206 1
4606 1
2694 2
9552 2
9423 2
6083 2
1453 1
700 1
9349 2
9897 1
3414 1
1320 2
2108 2
7763 1
1078 1
5059 1
1801 2
2858 1
2795 2
1039 2
2585 1
6107 1
7857 2
6312 2
8993 1
3504 1
7275 1
1964 2
4051 2
1239 2
3042 1
3379 2
3363 2
6157 1
3280 1
4908 2
8989 1
4878 1
9839 1
2089 1
1120 1
2445 1
9868 1
6674 1
1265 2
5365 1
9577 2
2008 2
179 1
3118 2
2550 2
9084 2
2244 1
4768 2
1389 1
2245 2
3711 2
4759 1
8306 1
6923 2
5067 2
1891 1
8256 2
6235 1
7406 2
8353 2
915 1
9813 1
8547 1
5315 2
1843 2
9065 1
1592 1
3562 2
10018 1
3859 1
9310 1
8363 2
7481 1
8802 1
8344 1
8025 1
2097 2
7243 1
3577 2
22 2
7662 2
8721 1
1731 1
9807 1
9113 1
4682 1
6566 2
8423 2
4781 2
9951 2
7274 2
7280 2
9693 2
3790 2
9091 1
5095 2
7631 2
7891 2
7608 1
2890 1
6619 1
9354 1
8764 1
3789 1
3122 2
4361 2
9995 2
5978 1
8598 2
3805 1
8981 2
2181 2
641 1
5465 1
675 1
6967 2
8145 1
4084 2
1709 2
6531 1
7194 1
6651 2
9805 2
4058 2
7956 1
8561 1
8962 2
9784 1
9377 2
1894 2
5341 1
9169 2
8978 1
3676 1
887 1
3513 2
9703 2
8486 1
5572 2
5852 2
4771 2
7837 2
4862 2
1795 1
584 2
8812 2
3371 2
688 2
1065 1
9164 2
3990 1
2815 1
1832 2
8079 1
7359 1
9210 2
9589 1
2460 2
8592 2
2917 2
9076 2
9382 1
7568 1
9061 1
7198 2
8746 1
5950 1
8849 1
995 1
5592 1
8943 1
3781 2
5018 2
9115 2
9004 1
8001 2
6756 1
5340 2
2394 2
7219 2
224 2
253 2
9594 2
9468 2
8476 1
287 2
1266 1
2185 1
5505 2
774 1
5912 1
8158 1
1081 2
8740 2
3507 2
2551 2
7136 1
7808 1
8100 2
9872 1
2080 1
6736 2
5897 1
2161 2
4881 1
6817 1
7844 1
1276 2
5586 2
1717 1
9885 1
8233 2
2844 1
721 1
9196 2
7867 1
3951 2
5085 2
7360 1
4243 2
7996 2
7599 2
8478 2
8672 1
8013 1
4840 2
8753 1
6709 2
1729 2
860 1
418 1
227 2
5770 1
4547 2
8575 2
3454 2
4708 2
4165 1
8674 1
7082 1
536 1
2655 1
5447 2
9870 1
1057 2
6686 1
9015 1
8979 1
191 2
4901 1
8831 2
3237 2
6458 1
7078 1
7253 1
8395 2
7574 1
6459 1
2057 2
4581 1
6523 1
2058 2
8139 2
505 1
3919 2
5491 1
3694 2
4498 1
9790 2
3397 2
254 1
7246 2
5554 2
5601 1
9356 2
7403 2
5817 1
5388 2
6157 1
2551 2
808 2
522 1
1194 2
4586 2
9148 2
9242 2
6132 2
697 2
1860 1
8467 2
1710 2
2300 2
2159 2
7784 1
9012 2
8330 1
2028 2
8887 1
1112 1
1988 2
1802 2
6365 1
7548 2
3595 1
8053 1
3685 1
2283 1
3246 2
3565 1
3146 2
4157 1
490 1
1832 2
7547 1
8466 2
7305 2
5527 2
7652 2
1260 1
8814 1
2332 1
2410 1
2541 2
8909 2
5836 2
7051 2
2878 1
2353 1
7051 1
4503 1
9506 1
8685 2
2223 1
3162 2
7472 1
3748 1
1262 1
8965 1
9981 1
5368 2
2196 2
596 2
2788 2
9835 2
8932 2
4438 2
7921 2
1731 1
2539 2
4533 1
6601 1
4661 2
8594 1
9776 2
8444 2
3851 1
9235 1
7968 2
9570 2
413 2
5637 1
8680 2
9008 2
6592 2
5083 2
4552 2
9660 2
4960 2
665 1
5917 1
4121 2
4377 2
8723 2
7985 2
6669 1
5342 2
4616 1
1490 2
8678 1
8177 2
7623 1
4255 1
9498 1
3176 1
1406 2
3542 1
8257 2
8229 1
5140 1
4662 1
742 2
2823 1
5853 2
4883 2
9294 2
6371 1
7772 2
9798 2
6059 2
5571 1
9363 1
9336 1
6457 1
10019 1
5632 2
4997 2
9632 2
5600 1
4126 1
7443 2
859 2
6303 2
4337 1
8619 2
6572 1
6481 2
7965 2
6190 2
8485 1
3088 2
7084 1
6898 1
5688 2
1532 1
4555 1
5874 2
3040 2
6306 2
9801 2
3535 2
1525 1
7012 1
8088 1
6397 1
2967 2
6423 2
9093 2
2135 2
5833 1
3527 2
3157 2
1711 2
3654 2
488 1
3317 2
670 2
6905 1
8109 1
7408 1
4281 1
7691 1
5043 2
2905 1
9432 2
6185 2
697 2
3034 1
6356 2
3584 1
7725 1
9600 2
770 2
7689 2
9822 2
9888 2
2990 1
8170 1
5102 2
6732 2
7077 2
2923 2
2762 2
5914 2
4152 2
2555 1
530 1
4840 2
200 1
6714 1
1300 1
3309 2
2287 2
3252 2
7269 2
1849 2
11 1
3265 2
264 1
8911 2
9482 2
1493 2
8169 1
1435 2
397 1
2561 2
3217 1
9244 2
5202 1
1350 1
8426 1
6647 1
9607 1
4491 1
2353 1
7918 2
5136 2
8218 1
8605 2
8996 1
8001 1
6921 1
6846 1
6161 1
4171 2
2624 2
3749 1
6870 2
5515 2
6339 1
6381 2
2277 2
9458 2
3711 1
6237 2
2987 1
4054 2
6741 2
5007 2
8163 1
1785 2
8543 1
695 1
7147 2
456 1
624 2
3701 2
633 1
5906 2
1219 2
5107 2
3778 2
2260 1
8651 2
4099 2
5414 2
5583 1
2861 2
4918 2
7466 1
7663 2
7098 2
6644 1
8425 1
10025 2
6887 2
7264 2
8140 1
7633 1
2791 2
1314 2
5781 2
4190 2
6747 1
5692 2
5042 1
6711 1
2055 2
230 1
6292 1
3394 2
3909 2
340 2
828 2
307 1
8565 1
8094 1
8337 2
9326 2
8592 2
1120 1
5845 2
7335 1
7972 2
5136 1
7211 2
2530 2
5955 2
1189 2
1732 2
5643 1
6498 2
5208 1
5406 1
7182 1
5054 2
2719 2
639 2
2207 1
1493 2
7393 1
108 2
7263 2
8523 1
7345 2
155 2
7701 2
1994 2
9178 2
3660 1
5207 2
675 1
3375 1
4178 1
4711 2
6840 1
792 1
9572 2
8391 2
2806 2
7542 1
7747 1
1995 2
1050 2
6617 2
9759 2
5578 1
3728 2
7573 2
9745 1
5519 2
8549 1
5546 2
512 2
1202 2
792 2
7049 1
2632 2
8281 1
9629 1
2294 1
3971 2
8967 1
3023 2
9943 1
2520 1
8885 1
6676 2
5589 1
3157 1
550 1
5373 1
7628 1
7270 2
6653 2
9066 2
18 2
6574 2
7435 2
7103 2
3388 2
6639 2
9299 2
9424 1
5341 1
6331 2
8507 1
1908 2
921 2
6874 2
7226 2
2834 1
1129 1
6978 1
5078 1
6404 2
1597 2
8351 2
9211 2
6287 2
3765 1
6230 1
7569 1
3553 1
5059 2
7450 1
7251 1
7142 2
6254 2
4192 1
3224 2
1391 1
2164 1
9722 2
3607 1
1318 1
2342 1
2280 1
6419 1
373 2
8375 2
3714 1
6797 1
5614 1
8788 2
3999 2
3346 1
3089 1
7267 1
1863 2
3684 1
2788 1
3661 2
8663 2
231 2
7525 2
6042 1
570 1
2655 1
9298 1
2938 1
4445 2
9607 1
8177 1
5495 1
1583 2
632 1
9607 1
76 1
5830 1
6963 2
3568 2
1307 2
6094 1
4012 1
9287 1
5495 1
2639 2
6275 2
5330 1
8343 2
6641 2
3332 2
9102 1
9631 2
5206 1
6663 2
9792 2
9718 2
8415 1
7269 2
7939 2
7662 1
5334 1
2833 2
205 1
2309 2
5162 2
8748 1
5408 2
5869 2
6601 2
7668 2
9536 2
9988 1
9323 2
9649 1
5865 2
1051 1
6331 1
647 2
6184 2
8133 2
4801 2
5199 2
2418 1
7324 2
3422 2
6920 1
6770 1
2716 2
6813 1
1385 1
275 2
2336 1
3529 2
2301 1
2648 2
522 1
9889 2
1943 1
8485 1
5271 1
4784 2
2070 1
9355 1
3952 2
2862 1
9143 1
9608 1
872 1
2623 2
4227 2
2618 2
2149 1
5871 1
7414 1
2711 2
6883 1
1382 1
5156 1
2595 1
4669 2
9021 1
6147 2
3007 1
1285 1
8873 2
3987 1
10007 2
8143 1
2132 2
2318 2
3095 2
2658 1
8097 2
4296 1
5878 2
7818 2
7846 2
8459 2
3600 1
9768 2
9264 1
6910 2
4335 1
6338 1
4227 1
7353 2
7720 1
1733 2
3142 1
4678 2
1864 1
4979 1
3582 1
9237 2
1404 1
4112 1
7722 1
2586 2
675 2
1109 2
959 1
5054 1
6936 2
7005 2
235 2
8551 2
5666 2
9546 1
1765 2
6506 2
7968 2
5033 2
6332 2
9642 2
6005 2
4573 1
7932 2
3739 1
5876 2
2595 2
8043 1
6157 1
4789 2
5647 2
2189 2
6132 2
2589 1
3742 2
8096 1
381 1
7569 1
6076 2
2100 2
4837 2
174 1
6750 1
8033 2
2257 1
7417 1
189 2
1841 1
7948 1
7113 2
3034 2
4987 2
5206 2
9377 2
3253 2
3748 1
2491 1
1843 1
9143 2
2099 1
7341 1
2450 1
7140 2
3281 2
8953 2
1726 2
9586 1
4630 1
9253 2
9586 1
892 2
9052 1
912 1
5877 2
2054 1
6194 1
6712 2
4307 1
1531 1
988 1
3882 1
6819 2
4605 2
3990 1
8893 2
7191 2
9675 1
1269 2
2343 2
3282 2
1618 1
2090 1
7965 2
9798 2
3160 2
6401 1
6136 2
5572 1
5954 1
8507 1
4695 2
5220 1
6228 2
7885 2
1817 2
4186 2
5903 1
5144 1
9975 1
2773 2
9937 2
3939 1
9908 2
8468 1
4951 1
4863 1
8711 2
6924 2
761 1
1188 1
5597 1
8680 1
7342 1
6435 2
137 1
6892 2
2907 2
1779 2
9199 2
1575 1
888 1
4227 1
1875 1
3973 1
5785 1
2209 1
5261 1
409 1
6546 2
5248 1
5924 1
1385 1
1397 2
256 1
963 2
9766 2
9310 1
4930 1
3175 2
5225 1
2169 2
8975 2
4828 2
1703 2
4086 1
4561 2
9745 2
8036 1
1569 1
5638 1
1853 2
7874 2
8853 1
1106 2
8894 2
7582 2
8433 2
2101 1
1038 2
8862 2
9129 1
2979 1
4728 2
2991 2
3425 2
3188 1
10005 1
6604 1
5541 1
2575 1
3321 1
9322 1
1383 2
190 2
2827 2
798 1
255 1
3972 1
2606 1
7435 2
1964 2
8835 1
1341 1
2272 2
7754 1
8306 1
7384 1
7754 1
3 2
1220 1
4737 1
6302 2
1502 1
743 1
6975 2
9891 1
1154 2
6649 2
3739 2
9790 2
4887 2
6969 1
8847 1
2692 1
7660 2
6717 2
129 1
3691 2
3347 1
673 1
3044 2
7365 2
1953 2
9744 2
773 1
1987 2
2177 1
300 2
3041 1
6183 2
10008 2
6265 2
9301 1
1016 1
4265 2
7823 2
7426 1
3406 2
5650 1
7395 1
1351 1
110 1
6843 2
10003 2
4637 1
3600 2
5715 2
1413 2
2682 2
6138 1
5892 2
7556 1
6344 2
3291 1
6357 2
8381 2
2929 2
9504 1
3400 2
5095 1
1346 2
8893 2
4199 1
2047 1
7073 2
6841 2
6147 1
7285 2
6226 2
6172 2
7603 1
4116 2
2132 1
6572 2
7149 1
2701 2
7839 2
8458 2
5414 1
8506 2
3483 1
6374 1
2641 1
8699 2
4389 1
4013 2
9521 1
3500 2
6479 2
1896 1
4130 2
2738 1
8728 2
9727 1
7868 2
2835 1
4666 2
5870 2
1761 2
2316 2
4248 1
7399 1
8322 1
9118 1
1322 1
382 1
607 2
6118 2
1086 2
252 2
876 2
3142 2
314 1
1672 1
6055 2
409 2
9930 2
4164 1
4307 2
8184 2
3895 1
2450 1
5375 1
8465 2
3315 1
2765 2
2681 1
2567 1
564 1
4601 1
8245 2
3889 2
2587 1
1426 1
8776 1
31 2
81 1
2089 2
2590 1
4922 2
7730 1
6220 2
6768 2
6400 1
3729 1
9272 2
4097 1
9892 1
8732 1
8855 1
188 2
1661 1
7566 1
8237 2
8290 1
6642 2
6654 1
9581 2
3769 1
7346 2
1129 1
4802 1
4109 1
448 2
8205 2
7847 2
8553 2
1196 1
262 1
2904 1
7345 1
111 2
8270 2
4539 1
4670 2
6606 2
6146 2
3535 2
6629 1
7513 1
7248 1
9725 1
967 2
5387 1
8696 2
5094 2
365 1
9305 1
5273 1
7483 1
1538 1
3462 1
75 2
2462 1
8399 2
5160 1
1488 1
228 1
7620 1
5998 1
5398 2
7651 2
6810 1
8955 1
3004 2
1966 2
9715 2
9037 2
6561 1
8416 1
1412 2
4009 1
3827 2
9280 1
6342 2
2152 2
8506 2
671 1
4419 1
4250 2
7745 2
4600 2
1442 2
8231 2
2522 2
7847 2
2295 2
8576 1
5514 1
3367 1
761 2
8702 1
6663 1
7424 2
6069 2
7567 1
6146 1
872 1
4683 1
6588 2
5768 2
920 2
1230 1
1591 1
6422 2
934 2
4487 1
7838 1
3374 1
1614 2
7298 2
894 1
8358 2
1880 2
9347 1
1349 1
3699 2
8059 1
5958 1
1216 2
968 2
6239 2
5201 2
6313 1
4173 2
4 2
8730 1
8311 1
7502 2
5011 1
6872 1
3529 1
9189 2
8129 2
6694 1
9927 1
9083 2
8218 1
2559 2
1906 2
6005 1
1583 2
9312 2
5134 2
9700 2
1267 1
1435 1
1970 2
7506 2
6261 2
111 2
4949 1
7113 2
8234 1
8446 1
9352 1
8366 2
9737 1
2205 1
8764 1
3663 1
4985 1
3359 1
6897 2
14 1
1654 2
1475 1
521 2
6189 1
6232 2
3755 2
6548 1
5663 1
6440 2
1593 2
7789 2
5195 2
7865 2
5834 1
1005 2
1460 1
8772 1
3923 1
7895 2
5797 2
1024 1
8276 2
5305 1
9429 1
4388 1
1181 1
498 1
1462 2
2674 1
535 1
7005 2
3194 1
2264 2
7811 2
2529 1
8710 1
7665 2
5184 2
5344 1
8210 1
1779 1
5671 1
3418 2
5664 2
2251 2
2332 1
7296 2
2861 2
4127 2
9713 1
3086 1
589 2
80 2
6046 1
1728 2
2989 1
7484 2
7850 2
9258 2
9066 1
1858 2
945 2
382 2
7133 2
1000 1
7751 1
3418 2
7910 1
3129 2
3630 1
4185 2
10003 1
5973 1
5025 2
7307 2
2381 2
1204 1
2045 2
6886 2
6232 1
9413 2
4962 2
5998 1
7578 1
9161 1
6388 1
7253 1
7118 2
7401 1
6784 2
297 2
2857 2
5171 2
7800 1
6037 2
4507 2
4061 2
3403 1
6740 1
5335 1
414 2
8850 2
2696 2
6149 1
7262 2
2846 2
3929 2
956 2
7516 2
6821 2
3654 2
6539 2
5182 1
3067 1
2253 1
4157 1
5974 2
5936 1
1502 2
211 2
4101 1
9211 2
8511 1
5634 1
4077 2
5317 2
4654 2
9881 1
8890 1
1017 2
6432 2
3723 1
7817 2
7850 1
7097 2
65 1
8068 1
5943 2
3934 1
4004 2
7388 1
588 2
3437 2
1692 1
6510 1
1581 1
1489 1
9283 1
2790 2
3268 2
8454 1
2266 1
6050 1
1270 1
9682 2
2776 2
286 1
3862 2
7089 1
9129 1
7981 1
6839 1
2804 1
8793 1
7008 1
4232 1
3872 2
3933 2
2216 1
468 1
9621 1
323 1
4504 1
2301 2
2863 1
6959 2
40 2
4383 2
1230 1
3289 1
7716 2
7311 1
8226 2
7642 1
5842 1
4924 2
2574 1
9630 2
7205 1
3734 1
603 1
5161 2
8952 2
5997 2
8530 2
5672 1
6980 2
4456 1
4903 1
9938 1
6361 2
3910 1
5792 2
7933 1
465 1
5133 1
1190 1
7208 2
6634 1
5096 1
6705 1
5909 1
4989 2
5715 1
3943 2
7282 1
8353 1
3463 2
3844 2
9887 1
4671 1
4695 2
6910 2
7184 2
454 2
1339 1
284 1
1866 1
9358 2
7701 2
9603 1
7782 2
179 1
8694 1
1169 1
2545 1
7942 1
9332 2
2207 2
1987 1
977 2
7585 2
2188 1
9165 2
4305 1
4218 1
711 1
2021 1
5917 1
3307 2
7844 2
7550 2
6020 1
9460 1
9475 1
1095 2
4845 2
195 1
4932 2
2109 1
1458 2
6358 1
4282 2
5870 2
8915 1
6051 1
4932 2
2306 2
2685 2
7998 1
3850 1
3275 1
646 1
9242 2
3747 1
6623 2
8060 2
7349 1
10008 1
2309 2
7652 1
274 1
5252 1
9103 2
6313 2
9780 1
255 2
162 2
7854 2
1758 1
2763 1
8467 1
8214 2
639 1
7265 1
7099 1
2106 2
2485 1
3854 1
4981 2
9190 2
9605 1
3730 1
5509 2
8271 2
5153 1
4847 1
6867 2
5852 1
8794 2
1709 1
2875 1
4217 1
6309 1
8677 2
976 1
6184 1
3065 1
8742 2
602 2
9195 2
6899 1
8082 2
9014 1
5459 2
4176 1
9517 2
4033 1
5747 1
5084 2
1817 1
1599 1
6964 2
9854 2
9731 2
8561 2
3398 2
7889 2
3338 1
5867 2
1399 2
8936 1
3590 2
7984 2
210 1
1916 1
4045 1
1194 1
7866 1
3790 2
2003 1
3276 2
2795 2
6503 1
1411 1
3575 2
2727 1
7764 2
7001 2
2213 2
8291 1
2088 1
5188 2
2230 1
9165 1
6327 1
6635 2
6055 1
1821 2
1030 2
4550 1
7172 1
2824 2
3387 1
249 2
2918 1
1625 1
3612 1
311 2
4412 1
9181 2
824 1
8196 1
62 2
314 1
4330 2
5714 2
2193 2
1802 2
6771 1
7026 1
9605 2
9875 2
354 2
5572 1
6235 2
7998 1
7800 2
7975 2
7483 1
9455 1
5398 2
5242 1
431 1
3704 2
6635 1
3405 1
514 1
3570 1
5186 1
512 2
6545 2
8315 2
3331 2
3350 1
3901 2
2225 2
9604 2
1379 2
9488 1
4987 1
6801 2
7183 1
3523 1
4722 1
4743 1
1923 2
2347 1
8891 1
7199 2
7154 2
5886 2
2632 1
5911 1
8296 2
6506 2
221 1
1199 2
5900 1
5811 1
2382 2
2538 2
4439 1
4126 2
4659 1
1123 2
1175 1
1558 2
5556 1
7477 2
8609 2
4570 1
3679 1
5139 2
3529 1
5409 2
5762 1
2714 1
5599 1
5206 2
581 2
338 2
7615 2
3845 2
109 2
5859 2
2934 1
7909 2
5205 2
7393 1
8959 2
4637 1
4741 1
1772 1
4974 2
2907 2
9632 1
2100 1
5554 1
9075 1
2189 2
3721 1
6450 1
7048 2
855 1
7568 2
679 1
9812 1
8019 2
234 2
2766 1
4248 1
794 2
4007 2
9497 2
3159 2
654 1
3356 2
6429 2
8965 1
9687 1
6011 2
826 2
7855 2
9563 1
8560 2
4038 1
4134 2
4386 2
3832 2
5523 2
2777 1
4339 1
7083 2
4000 1
4113 1
8107 1
1510 1
8341 1
7006 1
7988 2
7774 1
8982 2
4055 1
8897 2
5966 2
4311 1
8227 2
9470 1
2502 1
6351 1
5595 2
6727 2
8786 2
2228 1
4193 2
7604 2
3054 1
8420 2
7322 2
706 1
8245 1
4333 1
9532 2
763 1
2936 2
4909 2
8805 1
3457 2
7559 2
2049 2
2085 1
6001 2
4354 1
9538 2
8891 2
2153 1
6666 1
2356 2
5300 1
1130 2
9615 2
3619 1
5132 2
5957 2
1278 1
7170 1
227 1
7201 2
1936 1
960 2
911 2
7836 1
8533 1
1402 1
8788 2
3224 2
1556 2
4897 1
4369 2
7764 2
2231 1
4369 1
2771 1
2782 1
3312 1
9945 2
5794 2
9619 1
380 1
1454 1
3982 2
7360 1
9349 2
5122 2
1848 1
1490 2
1432 1
7139 2
1562 1
7061 2
6760 2
8314 1
8500 2
5434 1
5192 1
7293 2
5361 1
1505 2
6903 1
7885 2
7597 1
7648 2
7674 1
7480 1
2233 1
7504 2
817 2
7419 1
3039 1
6126 1
2167 1
9701 2
7838 1
9820 1
1138 2
6416 2
6758 2
3601 2
5914 1
2989 2
2076 2
829 1
6605 1
3066 1
2140 2
929 1
9710 1
5907 2
8013 1
3130 2
2487 1
7147 1
1452 2
160 1
169 2
5120 2
9039 1
4219 1
7855 1
208 2
2643 2
2658 1
4516 2
5252 1
2060 2
5384 1
4174 1
7514 1
1746 1
7602 1
3108 2
2467 2
1067 2
8146 1
4526 1
8001 1
6967 2
2844 2
1686 1
9196 1
4113 2
3017 1
2458 1
2325 1
1514 1
7546 1
3181 1
3524 2
5637 1
8955 2
5327 1
7184 1
5042 1
1479 2
2021 1
1586 1
8409 2
6536 1
6067 2
567 2
8003 2
9018 2
5181 2
514 1
5699 1
6573 1
5868 1
8787 1
3954 1
8930 2
9273 2
8183 1
1759 2
5493 1
2174 1
3069 2
4618 2
5847 1
1525 2
3381 1
2758 2
6152 1
8435 2
1684 2
227 2
5551 1
5596 1
8662 2
4610 1
3114 1
4530 2
6974 2
3047 1
5492 1
1695 1
5653 1
1702 2
4754 2
883 2
455 1
7791 1
8069 2
4983 2
1829 1
6290 2
811 1
3750 1
1144 1
9733 1
1475 2
8944 2
6323 1
9897 2
1356 2
8299 1
7506 1
7554 2
4867 2
8267 1
4084 2
3206 2
1039 2
3798 2
6766 1
4379 2
2119 1
4445 2
5556 2
3690 1
8818 1
9840 1
5604 2
5657 1
1563 1
5633 2
7742 1
5693 2
1291 1
3685 2
2151 2
6596 2
4975 2
8597 2
8369 2
8836 2
70 1
4559 1
8217 2
2997 1
2041 2
6940 2
2629 2
3045 1
6934 1
4906 2
3851 1
9674 2
4780 1
3818 1
4571 1
9829 1
6355 2
5797 1
530 1
5096 2
9993 1
8683 1
7119 1
3387 1
7409 2
9975 1
7641 1
1399 1
3783 1
7139 1
1444 2
4096 2
1116 2
1976 1
9210 2
7063 1
2762 1
789 1
2582 1
2899 1
7867 1
9027 1
52 2
353 1
4391 1
7310 1
553 2
4006 1
3638 1
5551 1
2447 2
6524 1
6358 1
2884 2
3875 1
8187 2
2874 1
9978 2
3309 1
357 1
8672 1
9836 2
7756 1
7936 1
6351 1
6213 2
7992 1
9205 2
1913 2
9476 2
1959 1
7354 2
9287 2
3249 1
4806 1
9638 2
5231 2
9181 2
7733 1
8455 1
3168 1
615 1
8217 1
874 1
1663 1
246 2
9575 2
4669 1
2529 2
6716 1
4788 2
6534 2
3881 1
9003 1
1919 1
8974 1
7086 2
8774 1
9633 1
1361 2
60 2
382 2
7358 2
1307 2
2915 1
8101 2
5291 1
4751 2
3977 1
6953 2
1392 1
7139 1
7303 1
9279 2
3567 2
6223 2
3379 2
2259 2
373 2
9336 2
2116 2
6949 1
6996 1
2875 1
9158 1
5366 1
5934 1
6273 1
7901 1
5589 1
1051 2
2592 2
5268 1
4201 1
5142 1
1054 1
1701 2
8287 1
6039 1
2437 1
9494 2
2720 2
9091 2
8990 2
687 2
2953 2
5933 1
3170 2
3869 1
9608 1
6564 1
275 2
3923 2
658 2
287 2
961 1
4546 1
1913 2
8859 2
618 1
6683 2
4171 1
4043 1
7077 1
4024 2
2945 1
3361 2
1585 2
8379 1
7113 1
6163 2
5145 1
228 1
5200 1
9563 2
387 1
5196 2
6692 1
5961 1
6989 1
3294 2
6316 2
2569 2
9950 2
9206 1
8760 1
6449 1
46 1
6946 2
2537 1
7229 1
2536 2
5533 1
5977 1
7412 2
1179 1
3037 2
9001 2
3400 1
130 1
3164 2
3258 2
3420 1
5683 2
5633 1
4972 1
4818 2
6779 2
9393 2
1745 1
4846 1
1462 2
9301 2
633 1
9780 2
8485 2
5415 1
6225 1
2922 1
841 2
3863 1
1104 2
2304 2
7638 2
2032 1
9233 2
5476 1
8982 1
2484 1
4312 2
1665 2
4661 1
7866 2
2774 1
531 1
9891 2
3387 1
6991 2
2610 2
1868 2
7143 2
1118 2
5146 1
684 1
1354 2
321 1
7985 1
4311 1
5248 2
8185 1
1452 2
4251 2
8132 2
9770 2
4775 2
208 2
6806 1
3640 2
8665 2
267 1
272 2
1065 2
2383 2
6451 1
1309 1
6904 2
6316 1
3528 1
4771 2
7225 1
5506 1
4145 1
3960 1
6526 1
125 1
5633 2
249 2
9086 1
1514 1
4590 1
6592 1
2144 2
2140 2
9389 2
5047 1
9292 2
2205 1
2745 2
2053 1
6756 1
9835 1
5969 1
7525 2
8040 1
2664 2
5838 1
4190 1
5803 2
1291 2
5350 1
6432 2
8397 2
2046 1
684 1
1431 2
6798 2
4967 2
4781 1
382 1
9101 2
1179 1
6677 2
4050 1
3318 1
6365 2
8357 1
6259 1
9165 2
2608 1
2181 2
4425 2
8536 2
504 1
1424 1
2376 1
2914 2
5046 2
6182 1
1836 1
2795 1
4186 2
4881 1
1747 1
3018 2
7266 2
8108 2
5410 1
4778 1
8073 2
2495 2
5816 1
83 1
7000 1
8542 2
4242 2
9724 1
6651 2
1421 1
7995 1
9993 1
7027 1
7105 2
615 1
1621 2
1521 1
7570 1
8021 2
6191 1
7478 2
9310 1
5377 2
6919 2
2518 1
2694 1
4359 1
391 2
9427 1
9797 2
5808 1
4082 2
517 1
4530 1
6052 1
8934 1
5760 1
9298 1
6838 1
806 2
3449 2
1543 1
7955 2
5013 1
7713 1
9859 2
3514 2
5160 1
3837 2
4956 1
7831 1
6866 1
5902 2
8667 1
3420 2
2354 2
4358 2
8883 1
4535 2
187 1
3696 2
3196 1
3663 2
8890 2
1477 2
2448 1
490 2
974 1
3622 2
4399 1
9011 1
8405 1
10028 1
6525 1
5532 1
2392 1
7927 1
8134 2
87 2
1236 2
5949 2
3843 2
3557 1
9226 1
4683 1
4610 1
5666 2
3444 1
8442 1
9292 1
121 2
3540 2
310 1
6182 1
5302 1
9108 2
1721 1
6226 2
1770 2
8474 1
9923 2
7271 2
5471 2
3363 2
1731 1
6794 1
2746 2
8317 1
579 1
6870 2
531 1
7397 1
2459 1
7485 2
9652 1
5336 2
3084 1
7699 1
6151 1
7673 1
9589 2
2196 1
9299 1
53 1
4585 1
2794 2
152 1
7560 1
1068 2
5387 1
7985 2
1962 2
8086 1
8881 1
3218 1
9951 1
763 1
3657 1
8790 1
990 2
4909 2
3732 1
2448 2
6524 1
8460 2
364 2
6921 1
2526 1
4270 2
2256 2
6601 1
4962 1
7016 2
9223 1
6110 1
5683 1
4837 1
1251 1
4504 2
9722 2
6900 2
8385 1
3992 1
7038 1
386 2
5324 2
1966 1
8455 1
4045 1
2780 1
5243 1
711 1
336 1
7747 1
4017 2
1805 2
7758 1
4886 1
9370 2
8646 2
7464 1
2399 2
158 1
8025 1
2943 1
9982 1
3917 2
1273 2
718 1
5756 2
1830 1
5430 1
8632 2
3439 2
3490 1
2609 1
4627 1
5865 1
76 2
8392 1
2796 1
6286 2
6410 1
869 1
3165 2
9771 2
1855 1
8381 1
1803 2
8275 1
678 1
4016 1
7039 1
6119 1
5768 1
4879 2
9005 2
8264 2
828 1
9717 1
7307 1
977 1
2433 1
8188 2
7322 2
5481 2
509 2
3420 1
4593 1
5429 2
5842 2
7144 1
2643 2
5157 2
7088 2
9106 1
6199 1
1706 2
954 2
4486 1
4202 2
2496 2
8332 2
2127 1
462 2
1774 1
1495 2
1649 1
3140 1
6415 2
8906 1
8135 2
2020 1
2910 2
834 2
3832 2
3300 2
3583 1
1936 2
5871 2
25 2
3157 1
534 2
6740 1
755 2
3149 2
1819 2
4978 1
6941 2
2336 1
459 2
8648 1
3865 1
554 2
7570 1
8245 2
7275 2
7215 2
4819 1
5925 1
2628 2
8640 2
5952 1
8067 2
4564 1
9283 1
5767 1
506 1
6625 2
7794 1
537 1
7853 1
2207 2
8440 2
2162 1
6281 2
3586 1
2332 1
1087 1
4854 2
4009 2
9000 1
209 1
1744 2
2133 2
5820 1
232 1
9208 1
345 2
3724 2
3240 2
8317 1
9082 2
6448 1
8650 1
6869 2
8732 2
8883 2
1351 1
9567 2
2019 2
388 1
9914 1
7992 1
6129 2
5091 1
2494 2
3145 2
3599 2
4189 1
6421 1
5738 2
6834 1
3919 2
7128 2
6570 2
3370 1
633 2
6300 1
8847 1
6072 2
4595 1
1855 2
7010 2
7155 1
9526 1
6575 1
9560 1
3190 1
6005 1
4387 2
136 2
7265 1
5609 2
7160 2
9971 1
60 2
8273 1
6491 2
5587 2
533 2
1268 2
6863 2
8389 2
6267 1
929 2
4581 1
6295 2
5378 2
8800 1
5662 2
8083 1
7137 2
3948 2
6962 2
7807 1
6893 1
1970 2
9477 2
8547 2
2144 2
6911 1
7230 1
4448 2
9697 2
1722 2
939 2
9771 1
1049 2
2668 1
9605 1
7193 1
4424 1
1504 2
6959 2
9768 2
3959 1
8013 2
5469 1
2317 2
4267 2
7368 2
9057 1
9447 2
4256 2
6050 1
7495 2
2827 1
1381 1
7343 1
4030 1
8399 1
8842 1
9190 2
1211 2
4910 1
434 1
5760 2
6162 1
687 2
2127 1
8127 1
5692 1
2095 2
5032 1
6537 1
7208 1
1359 1
6998 2
6321 2
2561 1
341 2
7035 1
8732 1
7056 2
718 1
5763 1
5716 1
8388 2
7891 2
1949 1
5595 1
5161 1
9803 1
6565 2
8377 2
2294 2
8355 1
6177 2
7481 2
1092 1
73 1
7316 1
735 2
9715 1
7471 2
4360 2
3 2
3218 1
931 2
1937 2
8602 2
1416 1
7034 1
5486 1
5435 2
5270 1
2862 2
9402 2
8928 1
5584 2
5208 1
4856 1
9356 2
5305 1
4047 1
1485 2
2920 1
7852 2
812 1
460 2
2076 2
3944 2
5009 1
943 2
7944 2
8441 2
6426 2
6938 2
6930 1
10008 2
4748 1
3890 1
9342 2
7180 2
3108 2
1037 1
2254 1
5588 1
6126 2
5251 2
1861 1
933 2
5758 1
9218 2
4371 1
2366 1
9622 2
3147 2
8282 1
6839 2
6663 1
5833 1
6669 2
8198 2
6386 1
1580 1
4475 1
5762 2
9024 1
8038 2
6936 2
2004 1
4614 1
8963 2
448 2
8575 2
3602 2
6 2
2422 2
6720 1
2829 1
8946 2
9748 1
3661 2
7026 1
9037 1
1070 2
4333 1
3538 1
7924 2
2958 2
691 1
8899 2
1977 1
2840 2
617 2
5108 2
8031 1
9440 1
2851 2
5586 1
1561 1
380 2
2095 1
8161 2
3040 1
2618 2
879 2
9114 2
5828 1
3028 1
8987 1
9656 1
7870 1
6605 1
4479 2
1785 2
6327 2
9430 1
6050 2
8336 1
3318 2
9294 2
7308 1
6824 2
9134 1
7132 1
7932 1
217 1
7533 2
8754 2
987 1
4692 1
6644 1
1195 1
843 1
4213 1
2991 2
6400 2
1402 1
2615 2
8096 1
74 2
3032 2
9907 1
5243 2
2737 1
6158 2
3497 1
3063 1
3260 2
6339 1
408 1
1416 2
1270 1
1427 1
4838 2
9846 2
5927 1
9481 1
415 2
2211 2
8956 1
5807 1
3749 1
5835 2
8716 2
8761 1
3968 2
7877 1
8899 1
3690 2
5378 2
7558 1
2838 2
4459 1
333 2
2735 2
6574 2
814 2
2461 1
5682 2
1148 1
6054 2
7284 2
1433 1
3381 1
7845 2
5930 1
8756 1
8116 1
408 1
475 2
6697 1
1460 2
2408 1
4588 1
3214 2
4340 2
5441 1
1211 2
5478 1
566 2
4078 1
9621 1
867 2
8992 1
9684 2
4091 1
6640 2
6907 2
5179 2
9652 1
3836 1
7257 2
8012 2
9301 1
2034 1
2492 1
7496 2
543 1
2311 2
1817 2
1903 2
5228 1
2988 1
8682 2
5336 2
8475 2
6479 2
5379 1
1589 2
5371 2
8031 1
8866 1
2124 2
3364 1
1038 1
8363 2
9129 2
8642 1
2322 2
4634 1
2714 2
6633 1
594 2
5546 1
3227 1
215 2
7068 2
9288 1
7134 2
4337 2
1804 1
7397 2
8542 2
2082 1
6608 2
5622 2
9104 2
6910 1
9388 1
9390 2
9131 1
8538 1
2355 1
1851 1
6287 1
4859 1
6513 1
636 2
1804 2
8441 2
3673 2
527 1
6467 2
8805 2
3379 1
525 2
9090 2
5653 2
4394 1
9036 1
4346 1
2144 1
6584 2
430 1
2482 2
765 1
3788 2
3466 2
5426 2
8981 2
1701 1
1736 1
5317 2
4595 2
5269 1
7642 2
4227 2
6152 2
3928 2
9303 1
1857 2
3789 2
6200 1
9195 2
2204 1
1392 2
227 1
6933 2
4256 2
5202 2
3389 1
2621 1
9636 1
6941 2
9670 1
9840 1
5305 2
6296 2
1582 2
2814 2
5920 2
2501 1
2733 2
2643 1
392 2
50 1
2156 1
5521 2
7569 1
1279 2
1037 2
3640 1
9099 2
819 1
7371 2
1449 2
4124 2
4243 1
1979 1
8576 1
8818 1
5548 1
3606 2
8587 1
6198 1
5729 2
5467 2
8305 2
4318 1
4227 2
8206 1
18 2
6019 1
5160 1
9020 2
4720 2
4058 2
4567 1
2857 2
9217 1
1261 1
9481 1
8162 1
1998 1
2425 1
7905 2
5250 2
1511 1
4486 2
7582 2
6334 2
3760 1
3357 2
2505 2
4945 2
4205 1
5287 2
1617 2
6876 1
9795 1
6374 2
3322 1
4799 2
7077 2
8438 2
6016 2
4643 2
8472 2
4983 2
5697 2
931 1
3865 2
1993 1
7530 2
5926 2
4651 2
5798 2
1698 1
52 1
104 1
7521 1
461 2
5494 2
1898 2
9864 2
2950 2
1852 1
9333 1
2363 2
4290 1
6866 2
4774 1
9012 1
5042 2
7547 1
9224 1
5228 1
3580 1
6532 2
6716 1
4536 1
834 2
5934 1
1796 1
7421 2
854 1
1456 2
1339 2
2367 2
8598 2
4596 1
7371 2
4328 1
469 1
4806 1
3510 2
1871 2
1320 2
420 1
1052 2
7864 1
3236 2
6730 1
8702 2
1644 1
7060 1
2989 1
4656 1
3948 1
3603 1
1905 2
811 1
8558 2
6227 2
757 1
10004 1
2454 2
8458 1
1493 2
6003 2
7153 2
10032 1
8910 2
3559 1
9170 1
7988 2
9654 2
5578 1
3994 2
9272 2
3705 2
6215 2
385 2
4857 2
7205 1
4957 1
9331 1
9739 1
2088 2
465 1
5136 2
4124 1
10019 1
6997 2
6940 1
2780 1
2177 2
2306 1
7687 1
9226 1
9314 1
7648 2
9220 2
6059 1
9602 2
6460 2
1230 2
9414 1
3079 2
5731 1
1259 2
4480 1
6403 2
152 1
8469 2
9975 2
651 1
7163 2
5682 1
3869 1
884 2
6623 1
1162 1
7226 2
8348 2
6791 2
9898 1
4980 2
5147 1
6555 1
2491 2
5583 2
6157 2
1771 2
4273 2
6410 2
5792 1
5536 2
6490 2
1574 1
2008 1
845 1
5277 1
4490 1
3810 1
5516 1
8002 2
4900 1
1250 2
6343 1
9857 2
8251 2
6961 2
8473 2
6578 1
5280 1
9723 1
7912 2
7387 1
7422 2
7190 1
4296 2
8783 2
1853 1
1212 2
830 2
8045 1
5785 1
370 1
9062 2
6203 2
1241 2
4109 1
34 1
5316 2
3066 1
9854 1
2227 2
49 1
4536 1
5414 2
3815 2
10018 2
9780 1
9487 2
304 2
7725 2
1713 1
791 2
593 2
4166 1
758 1
4369 1
456 1
9513 2
4233 1
9829 2
9895 2
5875 2
7346 2
4818 2
639 2
8987 1
320 1
378 2
5912 1
1463 1
9778 1
8601 2
2389 2
2702 1
8890 1
5708 1
6460 1
6005 2
5462 1
7723 2
5316 1
1265 1
3616 2
5022 2
2541 2
7244 2
3521 1
9369 1
8972 1
3507 1
6135 1
2086 1
2304 2
9581 1
9553 2
3917 2
971 2
9472 1
1747 1
9173 2
6718 2
2856 1
7839 2
8541 1
9675 1
2517 2
7877 2
1304 2
6826 1
7956 1
4281 1
7249 2
8524 2
173 1
1597 1
5772 1
3030 2
2725 2
4792 1
1410 1
4029 1
8195 1
6743 2
6942 1
6668 1
7237 1
3425 2
3879 2
8810 1
5636 1
5527 2
4358 2
3271 1
1160 1
5798 1
4324 1
8891 1
2606 1
8779 1
4533 2
4816 2
7528 1
9599 1
1912 1
8023 1
1587 2
4625 2
3164 1
8562 2
4425 1
8589 1
5643 2
6341 1
6952 2
4763 2
3691 2
825 1
5129 1
3318 1
2407 1
1765 1
2302 2
9976 2
9819 1
5479 1
4710 1
1015 2
9045 2
8659 2
4942 1
6247 1
8270 2
8863 1
1848 1
8863 2
8555 2
5695 1
3907 1
2112 1
918 2
2837 2
7682 1
6854 2
8214 2
8156 2
7857 1
7775 2
8752 1
9543 1
4468 1
419 2
2335 2
8093 1
4656 2
7590 2
4922 1
4681 1
2431 2
3999 2
6600 2
3110 1
6886 2
7013 1
4790 2
1729 1
8962 2
2358 2
1654 1
2099 2
7427 1
1619 1
9603 1
1127 2
2319 1
5906 1
8590 1
19 2
4766 1
3164 2
9018 2
4862 2
7173 2
9487 2
7236 1
7037 1
6930 2
8755 2
5875 2
9618 1
6666 1
2433 1
2099 2
160 2
2287 1
9354 2
1436 2
3593 2
1469 2
6684 1
1261 2
9284 1
6587 2
4086 1
4391 1
627 2
3568 1
89 2
6366 2
2618 1
7942 2
4029 2
1904 1
767 2
5012 1
7326 2
6755 2
8420 2
6965 1
2512 1
1703 2
9815 1
1508 2
7009 1
2815 2
4215 1
9894 1
6678 2
6182 2
7251 2
1968 1
1129 2
3465 1
588 2
1996 1
8695 1
2733 2
2595 1
3641 1
6259 1
4402 1
5184 1
7857 1
4827 1
3201 1
5037 1
4329 2
6871 2
2607 2
5935 2
1053 1
8866 2
7881 2
9426 2
1708 2
3995 1
402 2
3260 2
5766 2
6201 2
2302 2
3755 1
578 1
7720 2
9885 1
3260 1
7699 1
1100 1
6361 2
9662 1
2734 2
3749 1
1843 2
448 2
6658 1
1391 2
3258 2
8016 2
3792 1
8953 1
7007 1
438 1
7768 2
2544 2
2785 2
6056 2
8912 1
201 1
7721 1
3886 1
7141 1
7877 2
2474 2
7086 1
1507 2
6434 1
3119 1
707 1
7199 2
9794 2
2254 1
9852 1
1964 1
712 2
4307 2
254 2
6512 2
1879 1
8672 1
4601 2
5553 1
2086 2
5022 1
3827 1
2946 1
1393 2
5660 2
3550 2
603 2
2805 1
3376 1
9342 2
7460 1
5092 2
9560 2
9955 1
370 2
6163 1
1387 1
2138 1
5217 2
5023 2
9793 2
3988 2
3916 2
6665 1
5531 2
2128 1
2518 2
5867 2
5155 2
2609 1
2138 1
8385 2
5406 1
4434 1
763 1
4910 1
3840 1
6099 1
7659 2
4374 1
8896 2
5180 1
4049 2
8729 1
4155 2
1809 2
3493 1
4761 1
7798 1
4353 1
6094 2
7849 2
790 1
1433 2
5051 2
984 1
1947 2
475 1
5358 2
7245 2
3384 1
3140 2
2035 2
4037 2
8129 2
320 1
9664 1
8057 2
5013 2
9653 1
9376 1
1550 2
4763 1
654 1
5268 2
8341 2
4611 2
6208 2
1582 1
5063 1
2851 1
3235 2
3200 1
3453 1
8118 2
8349 1
6330 2
7203 2
8848 2
664 1
4664 1
5401 1
2417 1
6174 1
6395 1
8104 1
8727 2
9160 2
1727 2
8561 2
9190 1
7293 2
8968 2
446 2
3314 2
2835 2
4045 2
701 1
4004 1
4233 2
1137 2
5199 2
9931 1
282 2
5006 1
7567 2
251 2
951 2
5534 2
8607 2
1168 2
6160 1
3362 2
4307 2
6941 2
2895 2
6640 2
9886 2
2402 1
5824 1
924 2
7111 1
1500 2
1193 1
4162 1
7245 2
882 2
6401 2
4285 1
2048 2
9832 2
9189 2
6535 2
8718 2
1357 2
8404 2
6358 1
8874 2
3212 1
6365 2
361 1
5351 1
8056 2
8288 2
9401 2
1953 2
6223 2
4252 1
9528 1
1707 2
3320 1
6656 2
4978 1
42 2
1226 2
965 2
290 1
7690 2
3077 1
2165 2
6820 2
3655 2
3872 2
767 2
9841 1
4913 1
5651 1
8253 2
8033 2
2037 2
5427 2
6757 1
5191 2
9384 1
4088 1
8097 1
9912 1
5335 2
826 2
3433 2
6287 1
9693 2
3485 2
2275 1
6760 2
2001 2
9857 1
7960 2
504 1
6518 1
4748 1
2006 1
3339 2
2581 1
5386 1
2393 2
1562 1
9619 1
8394 2
3576 2
3258 1
7480 1
4481 2
9350 2
8599 1
74 1
2624 2
3602 2
5279 1
9738 1
5792 1
1204 1
3801 1
1162 2
8246 1
3780 2
8843 2
1553 2
5847 1
6577 1
2055 1
2695 2
1300 1
3916 2
8109 1
2716 2
5201 1
6005 2
6351 1
380 2
4796 1
7158 2
3193 2
3246 1
917 2
2898 1
7240 2
5354 1
6614 1
1350 1
9993 1
1699 2
1985 1
1767 2
2816 1
8779 1
7464 1
2432 1
6334 1
5755 1
3505 1
8805 2
3402 2
1779 2
891 1
8743 2
7727 1
2615 2
4378 1
895 1
5493 2
6187 1
9384 1
7445 1
1474 1
1172 1
4030 2
9887 2
217 2
4425 2
3056 2
4558 1
7885 2
1624 2
1256 2
6013 1
4468 2
7947 2
3017 2
1556 1
3618 2
6201 2
2531 1
9380 1
7579 1
2314 2
8521 1
5507 1
7124 1
523 2
5448 2
8637 1
8099 1
9540 1
1739 2
2807 1
2047 2
7570 1
4326 2
3219 1
8905 2
1632 2
3706 2
8434 1
9333 2
6488 1
3044 2
3074 1
7868 1
1601 2
3627 2
634 1
2007 2
9058 2
7102 1
6439 2
6874 2
7272 1
7639 2
4989 1
3682 2
6329 1
1950 1
5253 1
9462 2
5363 2
8931 2
3318 2
7937 1
9797 1
1612 2
4014 2
4662 1
872 1
1380 1
3707 1
8795 2
9187 2
3422 1
9462 2
340 2
8753 2
7841 2
2295 1
4302 1
4043 2
2901 2
1813 2
7455 2
2784 2
4887 1
8987 1
2901 2
7014 2
4450 2
8261 2
2029 1
6362 1
9176 2
9463 1
1403 2
6888 2
237 2
316 1
8672 1
4812 2
5901 1
1495 2
3733 1
4758 2
6102 2
8845 1
262 2
6811 2
569 2
8351 2
4531 2
7683 2
9974 2
3224 1
10003 2
8408 1
8482 2
8650 1
9020 2
8325 2
8633 1
4590 2
9165 1
9113 2
6479 2
9937 2
7247 2
1860 1
2033 2
8077 1
1144 1
1023 2
7588 1
8947 2
4391 1
7031 2
8943 2
9289 1
9371 2
9045 1
9086 2
6180 2
4740 1
4423 1
8364 1
5768 2
9511 2
6058 1
9481 1
4364 2
7741 1
2383 2
6379 2
2899 1
1593 1
4073 1
712 1
3437 1
6034 2
9389 2
4799 2
244 2
8697 2
6967 1
5074 1
6805 1
409 1
366 1
8930 1
6091 1
3222 2
1539 1
3076 1
2822 1
7035 1
8523 1
884 2
8233 1
9914 1
2771 1
4934 2
252 1
4181 1
6138 2
6382 1
175 1
5880 1
2912 2
4887 1
8508 2
2237 1
8800 1
10002 1
2389 1
6531 2
4677 1
3291 2
6671 1
3180 2
5365 2
2074 1
2772 2
8666 2
2139 1
8728 1
3682 1
2780 1
3456 2
1858 2
6839 1
8181 2
1079 2
3280 1
5925 1
6479 1
1610 1
2254 2
4881 2
2283 2
9321 1
2351 2
4525 1
3611 1
4038 1
3209 2
506 1
724 2
9500 1
9091 2
777 2
5711 2
6830 2
392 2
8916 2
4326 1
4616 1
5642 2
5367 2
5098 1
5867 1
3513 1
1132 2
5487 1
6942 1
9006 1
7806 1
5779 2
3962 1
2699 1
1100 1
2316 1
4773 1
1154 1
6306 2
7621 2
1146 2
8016 1
8046 2
8920 2
6482 1
4835 1
394 2
5532 2
1297 2
9092 1
416 2
2417 2
2832 2
8902 1
340 2
9125 2
7318 1
4800 1
8388 2
1402 2
7021 1
1318 1
4092 1
7957 2
5966 2
4767 2
4239 1
5075 2
3629 2
9509 2
7389 1
258 1
8799 1
4750 2
5897 2
1954 1
6552 2
8921 2
736 2
4185 1
8108 1
6122 1
3303 1
1540 2
3837 1
9192 2
3768 2
3151 2
1541 2
8241 2
4187 1
8099 2
1222 1
4245 1
238 2
8944 1
3613 1
1769 1
6745 2
2259 2
3461 2
8394 1
3834 1
8146 1
4968 1
2153 2
4717 1
6195 2
5599 1
2385 1
6116 2
3752 1
1316 1
7101 2
9348 1
6444 2
9817 1
6784 2
1539 2
3267 2
9703 1
4143 1
6452 1
5974 2
7577 1
1590 1
1626 2
1127 2
3250 1
1348 1
3203 1
9206 2
4510 1
1219 1
9675 2
7674 1
9786 1
3215 1
9555 1
8056 1
1371 1
585 2
5343 1
4764 2
5108 1
2460 2
7048 1
2967 2
1687 1
367 1
1057 1
6614 1
5847 2
2061 2
6230 1
5962 1
1889 2
9774 1
5589 2
1188 2
4125 2
2958 1
6605 2
7845 2
6986 2
3793 1
7653 2
7341 1
2307 2
6049 1
897 1
9881 2
2048 1
6495 2
8043 2
3893 1
4819 2
9910 1
7000 1
4908 2
6210 1
5120 1
9262 2
3697 2
3136 2
927 1
1542 2
8219 1
6046 2
168 2
3978 2
648 2
5633 1
47 2
1132 1
3589 1
4169 2
9262 2
4911 1
3417 1
1476 1
10019 1
3532 1
6686 2
2723 2
5418 1
5416 1
2257 1
8838 1
3785 2
9441 1
3999 1
2485 2
9516 1
8864 1
1885 1
6532 1
6172 1
2860 2
7642 2
2763 1
5404 1
4865 1
4090 2
1038 2
8346 2
449 2
7030 2
4 2
671 1
5876 1
3452 1
5788 1
2128 1
139 2
1574 1
9865 1
1971 1
864 2
8488 1
2923 1
2465 1
3824 1
195 2
6008 2
9266 1
7162 2
6063 2
5375 2
2396 2
8567 2
8588 2
190 2
8277 2
8757 2
9932 1
5376 1
7096 1
6533 2
4907 1
6799 1
6979 1
8226 2
2342 1
4132 2
875 1
3791 2
2558 1
8724 2
1915 1
5344 1
5268 1
7972 2
303 2
6632 2
5491 1
9815 1
306 2
9440 1
2425 1
1559 2
3452 1
4301 2
8139 1
6196 2
8482 1
2557 1
9114 2
9744 1
9838 2
5692 1
6747 2
271 1
9599 1
2172 2
1265 1
821 1
2117 2
1537 2
7664 2
4653 2
5955 1
5819 2
8008 1
2859 1
6959 2
57 2
1023 1
6574 2
1502 2
7698 2
8762 2
9179 1
7615 2
2062 2
4089 1
6291 1
5658 2
9617 1
2342 1
7440 1
1853 2
9462 2
655 2
1857 2
9351 2
7168 1
9156 1
7685 2
9445 2
8477 2
2395 1
5938 1
6118 2
6732 2
3122 1
7667 2
2941 1
7338 2
3390 1
2040 2
6485 1
5734 2
457 1
614 1
516 1
198 2
3063 2
3293 1
6062 2
9084 2
5441 1
8807 2
5874 2
56 1
8703 2
3774 1
4620 1
4284 1
6612 1
2163 1
2371 2
1107 1
7021 2
5254 1
2660 2
695 1
3087 1
2371 2
6924 2
1937 1
4084 1
7366 1
7907 2
6018 1
6296 2
4572 1
3512 1
5003 2
2935 2
9352 1
7924 1
3109 1
4772 2
9773 1
6667 1
2845 1
939 1
9230 2
3942 2
2423 1
7809 1
9522 1
2204 2
4436 1
2925 2
2996 1
7484 1
9643 1
9389 1
6690 1
7057 1
3113 1
7643 2
4554 1
771 1
1301 1
8047 1
5108 1
1752 2
159 1
2338 1
9490 1
9777 1
781 2
119 1
5488 2
1411 2
5501 2
4400 1
3911 2
349 1
5663 1
3179 2
8484 1
3478 2
7783 1
3164 2
6695 2
3984 2
20 2
5120 1
7945 2
2931 2
10018 1
3927 1
5386 1
3929 2
6480 2
7941 2
6541 2
5164 1
5916 1
8809 2
4305 2
4303 1
5788 2
3906 1
1193 1
7253 2
3980 2
866 2
4423 2
3013 2
8961 1
9236 1
8200 1
3660 1
8829 1
3684 1
713 2
77 1
7081 2
8946 1
9951 2
117 2
8231 2
7108 2
7959 1
2881 2
8720 2
9561 2
5245 1
7535 2
4848 1
3261 2
1574 2
609 2
7577 2
8659 2
4872 1
4019 2
8556 1
7404 2
9421 1
8957 2
1297 1
8732 1
1655 1
3394 1
7414 2
9787 1
3000 1
63 1
135 1
2565 1
8493 2
7842 1
2201 1
8679 1
4025 2
2146 1
5107 1
3216 2
599 1
1248 1
615 2
1094 2
8776 1
3725 2
5004 1
4446 1
9537 2
6097 1
6032 1
733 1
4864 2
2963 1
2907 1
3291 2
7590 2
4110 1
7229 2
3292 2
9082 2
6538 2
2187 1
9058 1
6609 1
5294 2
2478 1
8771 1
4780 2
5185 1
195 1
5898 1
3423 1
4598 1
2962 2
9092 2
9260 1
7604 1
2471 2
3625 2
9402 1
4344 2
944 1
9678 1
4674 1
4795 1
8443 2
5676 2
7315 2
6111 1
6102 1
8571 2
43 1
4187 2
7478 2
1512 1
4260 1
1704 1
4363 2
9341 1
6556 1
9325 1
7034 2
8984 1
7937 2
2118 2
416 1
6116 1
2935 2
8840 1
7449 1
8059 2
6949 1
7327 2
681 1
2956 2
107 1
9694 2
9695 1
5477 2
1131 2
5459 1
86 1
7773 1
6897 1
2617 2
4850 2
802 1
7348 1
5209 2
7554 1
2414 2
9068 2
4400 1
5520 2
1692 2
6367 1
1180 2
1073 1
7069 1
2198 1
4693 2
7753 1
5783 2
7527 1
7878 2
9301 2
785 2
4134 2
9931 2
4812 2
5059 1
2026 1
4999 2
4192 2
921 1
10010 1
7452 2
3806 1
3888 2
377 1
5458 2
860 2
4676 1
540 2
5466 2
9937 2
6785 1
2158 1
5014 2
547 2
9890 2
7924 1
8199 2
2543 1
5635 2
4505 2
2375 2
3356 2
1570 1
2849 1
3286 2
7855 2
3909 2
4707 2
3243 2
1807 2
1239 2
8190 2
1713 2
1087 2
917 1
5479 1
1459 1
9500 1
1125 2
2465 1
3575 2
7732 2
2698 1
8776 2
221 1
3491 2
6940 2
2233 1
7702 1
5819 1
1833 1
2616 2
8960 2
4080 2
4592 1
6194 2
9053 1
8528 1
8470 2
9995 2
6162 1
9910 1
4031 2
2995 1
7364 1
4909 1
6252 2
3457 2
4708 2
1968 2
279 1
1183 1
8046 1
3135 1
9460 2
8566 1
2351 2
7439 1
4493 2
5237 1
8337 1
7424 2
3631 2
702 2
2135 2
7136 2
7706 2
2732 2
8661 2
7096 1
18 1
5621 2
5275 2
5666 2
3348 1
556 1
4901 1
7948 2
3472 2
702 1
6377 1
10006 1
7598 1
9342 1
8052 2
2129 2
75 1
5616 1
4890 1
7081 2
8098 2
3827 2
2324 2
1384 2
7644 1
2449 2
10024 1
8088 2
7726 2
3507 2
5587 1
6423 2
579 1
1076 1
6245 1
5081 1
3497 2
3893 1
5771 2
4519 1
3085 2
6031 1
5261 2
7721 2
2601 1
8530 1
2189 1
82 2
7478 1
7690 1
7592 2
4714 1
9892 2
6962 1
6941 2
4908 1
3631 2
9440 1
8878 2
9916 1
5348 2
4691 2
3658 2
2320 2
7839 1
8017 1
4814 2
9427 2
8807 2
6078 1
5273 1
7251 2
564 2
8699 1
238 2
6284 1
375 1
2604 2
3114 1
9541 2
2157 2
7836 2
4420 1
1604 2
5488 1
3661 1
8948 2
3859 2
5454 1
2729 1
8119 1
8933 1
1441 1
2516 1
4593 2
3092 1
8935 2
5379 1
3811 2
6270 1
5471 2
5862 2
4263 1
7786 2
8702 1
1322 1
7759 1
3313 2
5867 2
593 1
1120 2
9768 2
3309 1
7289 1
6444 2
5799 1
4834 2
8483 1
6303 1
171 1
3829 1
5125 1
3489 2
9685 1
9229 2
7719 1
8283 1
3755 1
7475 2
6708 1
8475 1
2199 2
7091 2
7146 1
8888 2
2134 2
5389 1
4318 1
9128 1
9617 2
2315 1
7255 1
8108 2
1159 1
8753 1
9303 1
9905 1
3614 2
8438 1
1870 1
9713 1
1103 1
8027 2
1028 2
1466 2
2269 1
618 1
4304 1
9991 1
6317 1
979 1
6567 1
7941 2
8771 1
7650 2
4292 1
7056 2
5096 2
6279 1
1633 2
5753 2
6763 1
241 2
5400 1
2631 2
5814 2
5920 2
6836 1
8751 2
5655 1
5986 1
4314 2
4601 2
5734 2
863 2
7511 1
7568 1
6732 2
5716 2
5018 1
6162 1
3238 1
2094 2
8602 2
6987 1
9064 2
5895 1
5410 1
2110 1
773 1
4284 2
1933 2
1278 1
507 1
336 2
8662 2
9551 2
4984 1
5460 1
591 1
1741 1
646 2
165 1
9323 2
4587 1
3387 1
1543 2
3649 1
1856 1
6232 2
8655 2
2735 2
3401 1
8508 2
1142 1
36 1
1618 2
1928 1
8477 2
1946 2
9616 1
2544 1
5404 2
5727 2
191 1
723 2
1952 2
9485 1
8484 2
3018 1
71 1
6910 2
1248 2
9523 2
4365 1
1154 2
4328 2
6251 2
566 1
9808 2
8556 2
538 1
9042 2
5300 1
795 2
3417 1
1079 2
2662 2
624 2
9719 1
9035 2
3908 1
5607 2
1454 2
5796 2
9458 1
1435 2
5137 2
3223 2
9964 2
2621 1
5378 2
1653 2
6094 2
3758 1
1554 1
9412 1
6286 2
3123 1
4610 1
9999 1
8973 1
1894 1
8639 1
2907 2
1044 1
9617 2
5021 2
5992 1
2791 1
657 1
7369 2
102 1
5072 1
4651 2
1088 2
1039 1
7565 1
8978 2
9566 1
5367 2
4570 2
80 1
1206 2
8074 2
1794 1
3695 2
8962 2
3406 2
6794 1
5308 1
1438 2
1318 2
2727 1
7725 1
1449 2
6679 1
9873 1
631 1
1134 1
1905 1
1652 1
7582 1
6479 1
3024 1
6255 1
2344 2
484 1
8067 1
1346 2
1435 1
1406 1
2234 1
9829 2
9440 2
8809 2
1350 2
1237 2
2969 1
7520 2
9787 1
1718 2
4977 2
9663 1
3984 1
8315 1
1634 2
6851 1
4663 2
509 1
4154 2
9590 1
7464 1
5682 2
5637 1
2168 1
2863 2
829 1
2564 1
8314 1
6353 1
7320 1
8321 2
6688 1
2599 2
464 1
6897 1
1964 2
3975 1
1974 2
4925 1
8566 1
2058 1
3405 1
4474 2
6637 1
5011 2
8306 2
6762 2
5704 2
8823 1
6916 2
9517 1
1488 1
6297 1
9332 1
2668 2
4150 2
1709 2
4529 2
2545 2
5246 1
1650 1
301 2
7861 2
3865 1
8526 2
1652 2
190 2
9130 1
2554 2
5392 1
1354 1
5884 1
136 1
8959 2
2192 2
6974 2
3431 1
7552 1
1951 1
6514 2
1226 1
78 2
9043 2
1762 1
5490 2
3872 1
8939 1
9357 2
5847 1
2273 1
1741 1
6163 1
9115 2
87 2
8254 1
9582 2
9848 2
8391 2
7264 2
6938 1
1743 2
4890 2
4101 1
1389 1
9256 1
1131 2
4239 2
3067 1
5724 2
4710 1
1609 2
169 1
6456 1
8381 2
2718 2
931 2
3033 1
5588 1
2178 1
9860 2
5625 2
6039 1
2409 1
952 2
4706 1
8395 2
7968 1
6633 2
8597 2
2838 2
7010 1
7975 1
499 1
425 1
6875 1
8859 2
7409 1
2040 1
4800 1
5176 2
7705 2
3034 1
3800 1
5737 2
8651 1
6062 2
2840 1
8597 2
792 2
5200 2
9633 1
172 1
1069 2
6004 1
6164 2
2756 1
7700 2
2388 2
2276 2
5068 2
1080 2
5490 2
8205 1
1500 1
9765 1
7664 1
4559 2
4545 2
9135 2
4781 2
4755 1
3077 2
9859 2
3752 2
7324 2
504 1
9478 2
980 1
3572 1
3489 1
7930 2
7761 1
7468 2
4059 1
7918 2
2970 2
302 2
8583 2
1450 2
3210 2
859 1
5069 2
2290 1
3745 1
5919 1
8584 1
9938 1
1177 2
4581 2
1167 2
9270 1
167 2
3702 2
6460 1
4576 2
6416 2
8118 2
8141 2
2264 1
1457 2
7934 1
8340 1
6898 1
2486 1
7220 1
6899 1
362 2
4344 1
7277 2
2892 1
9985 1
3889 2
8905 2
1778 1
5193 2
8055 1
9370 1
9556 1
7857 2
2366 1
7757 1
7294 2
5507 2
4604 2
3828 1
8507 1
9558 2
8490 2
211 2
1958 2
4036 2
8167 1
4691 2
9074 2
9234 2
5230 2
3774 1
165 1
8346 1
5772 2
8838 2
9932 2
6631 2
186 2
7493 1
7705 1
5137 1
154 1
315 2
8152 1
7397 2
4503 1
568 1
8950 2
7390 2
6609 1
4894 2
2776 1
7202 2
5315 1
3988 2
9649 1
184 1
3693 1
1964 2
1966 2
9386 2
6199 1
6565 2
6770 1
3417 1
741 2
4817 2
3303 1
4786 2
9671 1
3845 1
3971 1
1120 1
4487 1
9184 2
7467 2
8312 2
153 2
6984 1
5943 2
4188 2
1091 2
5676 1
6352 1
7096 2
4960 2
7507 2
9442 2
7442 1
3200 2
4177 1
5740 2
1154 1
3546 2
7663 2
5280 1
3853 1
8111 2
7365 2
2024 1
5837 2
6974 1
5644 2
344 1
4024 1
6269 2
712 1
6759 1
1061 1
789 2
8564 2
3916 2
6043 2
2840 2
7644 1
5280 2
5179 2
711 2
160 1
59 1
3133 1
8634 1
8284 1
6424 2
8620 2
517 1
2085 1
2023 1
2652 2
2861 1
3119 1
4730 2
8667 2
5923 1
6255 1
9078 2
4445 1
7239 1
2158 2
8328 2
4514 1
2921 2
9760 2
394 2
159 1
2248 2
778 1
9568 2
6163 2
9312 2
5162 1
81 1
9201 2
4408 2
2396 2
2031 1
6723 2
6493 1
1861 2
4387 1
6044 2
5874 2
3340 2
10029 1
1036 2
2111 1
4381 1
7773 2
8143 2
4779 2
2582 1
6749 2
2852 2
5436 2
4449 1
4845 2
5545 2
3912 2
3138 1
1947 2
1920 2
8637 1
3635 2
9308 2
2538 2
1210 2
4891 2
9557 2
7434 1
9730 1
9202 2
7972 2
7818 2
818 2
3788 1
1513 2
109 2
8750 1
5213 1
3476 1
7035 1
7922 2
3502 2
6337 1
6109 1
4745 1
5494 1
933 2
8151 1
7300 1
7875 1
1795 2
5833 2
6996 1
9447 2
2781 2
3846 1
8516 2
9106 1
264 1
3766 1
5663 1
6012 1
4212 2
4362 2
7090 2
6784 2
8236 2
2498 2
8833 2
2638 1
9017 1
4964 2
5012 1
4272 1
2984 1
3760 2
2281 2
8642 1
1746 1
8607 1
3680 2
1498 1
6816 2
7469 2
2261 1
7899 2
2690 1
6184 1
7642 1
2574 1
1650 2
7834 1
8017 1
1281 1
1381 2
1175 1
2498 1
6213 1
1632 1
8010 2
4930 1
636 1
5439 2
2254 1
5209 2
2257 1
704 2
9825 1
3804 2
1727 2
3258 1
5351 2
2202 2
9608 1
7616 2
4333 2
6569 1
7853 1
4886 1
8612 1
4961 2
6027 2
8614 1
8948 2
672 2
8973 2
521 1
2297 2
5923 2
2846 1
2032 2
6669 1
6873 2
6190 1
6186 2
1910 1
4259 1
9730 1
6997 2
1873 2
1650 2
3993 2
2032 2
6005 1
5522 2
4234 2
8331 2
6330 2
9378 1
6903 1
9879 1
3449 1
1465 2
3494 2
7623 2
5805 1
616 2
7808 1
1595 1
3584 1
10001 1
5799 2
5732 1
9911 2
8351 1
4345 2
920 1
4537 1
1537 1
1956 1
8796 1
4043 2
5221 1
6117 1
5420 2
5404 1
1634 1
5126 1
3688 1
5900 1
4330 2
6981 2
1110 1
6789 1
5970 2
3861 2
7643 2
8481 1
2156 2
7539 2
9493 2
2158 1
4537 1
9163 2
7138 1
101 2
4968 1
4669 1
6072 2
8080 2
3499 1
8608 1
387 2
4763 1
5716 2
775 1
903 1
8096 2
4551 2
2692 2
7713 1
9824 2
2659 1
835 2
9089 2
6060 1
9158 2
4590 1
2963 2
2237 2
9585 1
2714 1
1007 2
6520 1
6071 1
6083 2
4753 2
5002 1
408 2
695 1
5165 1
5465 1
7047 2
757 2
6194 1
8234 2
2756 2
7170 2
5505 1
9342 1
1774 1
6461 1
9775 1
703 2
326 2
3828 2
2480 2
8399 2
4620 1
3132 1
3897 2
7741 2
1260 2
1202 1
6260 1
414 1
4564 2
2061 1
4512 1
4628 1
726 1
2274 2
6134 2
5081 2
5364 1
3887 2
2081 1
7829 2
1566 1
1296 1
5691 2
8508 2
4039 1
3319 2
3925 1
3303 1
5355 1
5966 2
4559 2
7555 2
7918 2
4642 2
2441 1
3913 2
7905 2
1640 1
9476 2
4020 2
2095 1
2908 1
2184 2
3555 1
9630 1
8821 1
1200 1
7859 1
3788 2
3165 1
5923 1
3519 2
8481 2
9570 1
7497 1
3880 2
470 2
8142 2
6606 2
1149 1
3600 1
854 2
773 2
1764 1
1651 2
8933 1
4908 1
3565 1
5915 2
3220 1
2015 2
6964 1
4325 1
14 2
7034 1
8853 2
5267 1
664 2
8678 2
615 1
4441 2
1531 2
9075 1
7249 2
7751 2
1131 2
9559 2
2666 2
4959 2
4597 2
8681 2
8928 1
9088 2
8463 1
6718 1
3239 1
3567 2
8785 2
6846 2
8709 1
2889 1
6078 1
5137 1
6654 2
1474 1
579 1
7519 2
782 1
4325 2
4310 1
3074 1
7009 1
8248 2
5060 1
8999 1
1862 2
171 2
4949 2
1802 1
3300 1
6615 2
5504 2
4935 1
9351 2
5125 1
2365 2
6771 1
1255 1
7252 1
7378 1
795 2
3482 1
7699 1
5245 2
1867 2
5147 1
325 1
4281 2
3870 1
32 1
791 1
9605 1
4151 2
1573 1
9328 1
6881 2
6547 2
2699 2
769 1
4155 2
4625 2
5517 1
8696 1
7760 2
3479 1
659 1
7974 2
8391 1
7162 1
8398 2
6243 2
5555 2
2917 1
389 2
8555 1
4331 2
1153 1
5640 1
4081 2
6867 1
6559 2
3649 2
5546 1
59 2
6108 2
3687 2
6859 1
4602 2
424 1
6558 2
5153 2
2053 2
9642 1
6228 2
1564 2
4223 2
3483 1
1732 2
9102 1
1218 2
8584 1
6862 1
8494 1
464 2
7528 2
3559 2
4969 1
8022 1
9906 2
8495 1
8537 1
8366 2
8503 1
5589 2
1184 2
8011 2
3089 1
2658 1
9673 2
1472 2
1404 2
2384 2
3715 2
4115 2
8154 2
314 2
9889 2
5999 1
4924 1
5220 1
6482 2
4221 2
2729 2
1441 2
8085 1
8936 2
9569 1
3776 2
9726 1
4384 1
9092 1
6957 2
4561 1
9047 2
8510 1
7708 2
2439 1
8928 1
9045 2
7406 2
4109 2
6984 2
9171 2
9501 2
9137 2
2570 1
9290 1
314 1
498 1
2680 1
4207 2
6948 2
2817 1
295 1
1581 2
2029 1
3329 1
5471 2
4227 1
5006 1
8813 2
9346 1
765 1
8098 1
7037 1
159 2
4400 2
9832 1
9436 1
7551 2
1683 2
1772 2
7822 1
5008 2
2046 1
2014 2
5716 1
1109 1
3386 2
4492 1
8064 1
7363 2
5992 1
6163 1
5714 1
7269 1
5054 2
6379 1
2134 2
2644 2
3628 1
6821 1
3337 1
647 2
6469 2
3622 2
8342 2
7844 2
2745 2
3047 1
2407 1
63 2
4372 1
2805 2
3861 2
2845 2
2149 1
1664 2
47 1
4947 1
6093 1
1705 1
4018 2
9329 1
1152 2
3323 2
9239 1
8560 2
7311 1
8849 1
6045 1
6036 2
4404 1
6007 2
9402 2
3023 1
6758 1
1452 1
3130 1
5355 2
4425 1
6345 1
6602 2
2182 1
4887 1
8500 2
5157 1
3493 2
6362 2
3870 1
9986 1
2829 1
5349 1
5650 2
7834 1
8269 1
4098 1
8204 1
9342 1
2108 1
1085 2
7603 1
9634 1
6520 1
4719 1
3386 1
6634 1
7645 1
7222 1
9782 1
835 2
6295 2
5446 1
2791 2
278 1
430 1
2574 2
8627 2
1585 1
2946 1
7020 2
6691 2
3188 2
8431 1
5303 2
272 1
5547 1
8579 2
9952 2
5582 2
4452 2
9991 1
5810 2
1760 2
5353 1
3863 2
341 1
6473 1
913 1
492 1
1307 2
5083 1
1326 2
6181 1
2196 2
8225 2
3338 1
9138 2
7498 2
4837 1
8845 2
8654 2
7316 1
1396 2
5187 1
4226 2
4072 1
9782 2
3577 1
2786 2
7239 1
8575 1
5255 2
4230 2
8922 1
6765 1
7964 2
9826 1
4977 1
9169 1
5610 2
1994 2
6905 1
1354 1
3327 1
5582 2
1995 2
9847 1
2159 1
2101 1
2965 2
6986 2
8410 2
9803 1
9559 1
9522 1
7920 1
8744 2
5746 1
4973 1
2384 2
4933 1
3245 1
3459 1
865 1
4050 2
9190 2
958 2
1152 1
664 2
7768 2
9002 2
3300 1
2714 1
1470 1
7296 2
6836 2
914 2
2655 1
8272 2
8128 2
2568 1
4827 2
8574 2
7823 2
2779 2
1773 2
999 1
2394 2
9048 1
514 1
6458 1
5906 2
6008 1
7419 1
3030 1
4719 2
856 1
7253 1
6683 2
7087 2
7345 1
6136 2
253 2
5088 1
106 1
4807 1
4978 1
280 1
9310 2
3599 2
3266 2
9096 2
674 2
5842 1
7379 2
2952 1
3586 2
3248 1
9446 1
2541 1
5955 2
5778 2
5252 1
6863 1
5056 2
6814 1
4536 2
9466 2
3624 2
4039 1
3453 2
8570 2
5284 1
742 2
6192 1
4220 1
8637 2
600 2
1766 2
9742 1
4559 1
6859 1
6589 2
209 2
9501 2
9030 1
3512 2
3132 1
6896 1
8848 2
7740 2
3773 2
9085 1
6719 2
1874 2
3640 2
3346 2
3355 2
723 2
4817 1
5799 1
6726 2
657 2
4295 2
8838 2
1350 2
455 2
8372 2
1372 2
635 2
4888 2
3798 1
7954 2
3336 2
9642 1
1473 1
885 1
1425 1
6698 2
7997 2
9431 1
6865 2
2977 2
3041 2
9585 2
2595 2
5648 2
4058 1
818 1
5143 2
9046 1
5805 2
4684 2
2597 1
4408 1
8365 1
4290 2
8566 1
8850 2
8081 1
5395 2
6293 2
2601 1
4779 1
3008 2
7845 1
3865 1
1468 2
317 2
997 2
4204 1
8705 1
9957 1
6158 2
645 2
9384 1
1634 2
1423 1
5179 2
734 1
7145 1
6575 1
8314 2
7626 1
9124 2
5885 1
6462 2
2153 2
8373 2
1112 1
9840 1
94 1
4350 1
6750 2
9317 2
1256 2
4440 2
5258 2
6758 2
535 2
1635 1
537 2
7158 2
3026 2
8846 1
5850 1
8456 1
7208 2
8133 2
5209 1
8792 1
7054 1
5339 2
8352 1
8692 2
9051 2
153 2
6269 2
6300 1
9451 2
9802 2
2504 1
1419 2
176 2
4433 2
8783 2
1771 2
761 2
1043 2
1369 1
6178 1
2553 1
9894 2
4799 2
5568 1
4725 2
4880 1
2886 2
3088 1
9257 2
3918 2
9071 1
2439 1
454 2
7667 1
1513 2
5612 2
2201 2
1076 2
807 1
4904 2
6098 2
560 1
1644 1
2468 2
9402 1
5333 1
8586 2
577 1
5323 2
2534 2
1314 2
4539 1
2562 2
4978 2
2365 2
4221 1
4205 2
5864 2
4247 1
996 1
164 2
820 2
4206 1
7379 1
1557 1
604 1
1677 1
6755 2
7787 1
8238 2
2356 2
4068 2
7868 2
6272 1
7912 2
4508 1
9206 2
5555 2
1001 2
5323 2
8674 2
7647 1
859 2
7985 2
6980 1
2020 2
2671 2
5122 1
2443 1
9715 1
2841 1
1407 2
4664 1
9334 2
9718 1
7980 1
6203 2
4123 2
890 2
1801 2
6233 1
5760 1
1555 2
9076 2
8260 1
7051 2
636 2
458 2
5129 1
5570 1
1201 2
7110 2
1011 1
4666 1
3353 2
7050 1
600 1
614 2
6466 1
9526 1
4750 2
8114 1
1352 1
8953 2
5736 1
7455 2
4031 2
8185 1
1612 2
1680 2
5202 2
2756 2
7809 2
4514 1
5463 1
3304 1
5313 2
3583 1
3669 2
1999 2
8487 1
9169 2
1841 2
9104 1
7599 2
8860 2
3716 2
2846 1
663 2
6466 2
7700 1
5618 2
1265 2
9312 1
10005 1
3684 2
8556 1
7436 2
7224 2
4089 2
4461 1
5092 2
3318 2
1530 2
8756 1
9409 2
3536 2
8818 1
146 2
8262 2
1271 2
7280 1
8598 1
6711 1
8405 2
5887 1
9764 2
1816 1
3944 1
9186 2
9618 1
9460 2
9734 2
8663 1
6064 2
3689 2
7294 2
5399 1
4098 2
1198 2
9419 2
2205 2
9803 2
810 2
5836 2
310 2
9168 2
5211 2
9518 2
219 1
6273 2
3801 2
2932 1
8831 2
5802 1
3481 2
502 2
7503 2
2303 2
7005 2
1739 1
2121 1
6456 1
3859 2
4964 2
213 2
6774 2
3526 1
7448 2
8705 1
6501 1
7901 1
2711 2
5565 1
859 1
8839 2
3388 2
9235 2
9228 2
5279 2
196 2
6672 2
3635 1
8477 1
5657 2
3081 1
3697 1
9265 2
8783 1
4304 1
2350 2
3952 1
5846 2
6275 1
1959 1
1514 2
9229 1
1645 1
17 1
4909 1
4992 1
575 2
8585 1
6806 2
8906 1
6115 1
917 1
6282 1
3230 2
153 2
3953 1
4729 1
3185 1
2329 2
2284 2
6112 1
1880 2
66 1
9053 2
172 2
9141 1
2773 2
8256 1
1243 1
4390 2
9316 2
7242 2
5724 2
5233 2
4234 1
8046 2
3943 1
9630 2
1698 1
7608 1
5287 2
8448 1
3971 1
3598 1
6002 1
8921 2
2193 2
6882 2
4322 1
9621 1
9274 2
5466 2
9547 1
9918 2
2048 1
1861 2
2723 2
8340 2
1761 1
2051 1
1256 1
7245 2
5105 1
3084 2
5797 2
2646 2
7916 1
64 2
4430 1
3732 1
4475 1
4546 2
3557 1
5099 2
7677 2
3794 2
674 2
2283 1
8543 1
5282 2
8731 2
146 1
1776 2
9767 2
5888 1
9317 2
6141 1
2695 2
4291 2
2758 2
2067 1
976 1
836 1
9311 2
9775 1
9577 2
574 2
2097 1
6336 2
9394 2
4432 1
2246 1
7381 1
5199 1
6795 2
5454 2
3600 2
3876 1
7099 1
8681 2
7119 2
4147 2
8924 2
3363 1
9252 1
8673 2
450 1
8289 1
7420 2
90 1
7210 1
4287 1
6233 2
1631 1
9687 1
7682 1
5069 2
2711 2
8512 2
3247 2
9049 1
3325 1
2019 1
9218 2
5397 2
1479 1
2945 1
1941 1
8624 2
8209 2
4732 2
4497 1
1744 2
9330 1
949 2
3793 1
7851 1
4944 1
9754 2
10019 1
2467 2
3834 2
4989 1
5663 2
1522 1
670 2
4863 1
7442 2
7989 2
6934 1
782 1
9756 1
2511 2
5530 2
6811 2
9793 1
1075 2
9405 2
7506 2
18 2
2731 1
9735 2
2740 2
867 1
2798 1
7763 1
6014 2
1281 2
4528 1
9510 2
8351 1
235 2
7335 2
8745 2
8666 2
7252 2
7585 1
8582 1
9425 1
3662 1
6060 2
1833 1
10011 2
9228 2
5605 1
9022 1
4036 1
6668 2
2529 1
2938 1
4571 2
9602 2
8998 1
970 2
3838 1
2945 2
1617 1
4149 1
9758 2
4315 1
3228 2
1232 2
1161 2
7999 2
5085 1
744 2
2656 1
8773 1
1368 2
2450 2
2330 2
9742 1
9844 1
583 2
5745 1
3942 1
9217 1
8209 1
1435 2
147 1
949 2
4370 1
8279 1
7838 1
5159 1
9084 1
4674 1
203 2
2005 1
8828 1
4915 1
7580 1
9082 2
4422 2
4612 1
3538 1
6951 1
806 1
2375 2
9611 2
8045 1
4353 2
1506 1
8196 1
7098 2
4101 2
3416 2
8633 2
411 1
8459 2
7334 1
4576 2
6027 2
1854 1
119 1
9328 2
4342 1
9966 1
1879 1
4523 1
2755 2
6220 2
8538 2
7965 1
6368 2
6805 1
4139 2
3429 1
1203 1
7642 1
6655 1
3216 1
8210 1
