850 634 250
281 1
578 1
411 1
331 1
211 1
259 1
418 1
106 2
177 2
408 2
526 2
596 2
618 1
352 1
520 2
380 1
10 1
439 2
104 2
82 2
325 2
251 1
88 2
484 1
196 1
589 1
231 2
390 2
499 2
397 1
628 1
33 1
53 1
478 2
337 2
17 2
340 2
487 1
206 1
179 2
295 1
472 1
91 2
81 1
353 2
545 2
271 1
130 1
230 2
214 1
293 1
607 1
331 1
157 1
265 2
112 2
416 1
565 1
383 1
385 1
397 2
154 1
132 2
270 1
632 2
177 2
228 1
423 2
353 2
559 2
419 2
262 1
457 1
424 1
331 1
577 2
519 1
364 2
509 1
76 1
452 2
616 2
229 1
169 1
628 2
324 2
511 2
601 2
547 2
34 2
581 1
591 1
479 1
503 2
142 1
58 1
598 1
535 1
497 1
174 2
628 1
422 2
185 1
379 2
365 2
316 1
133 2
624 1
183 2
565 1
105 2
499 1
526 1
505 1
181 2
432 2
42 1
436 2
1 2
487 1
505 2
632 2
498 1
64 2
58 2
409 2
167 2
468 2
451 2
472 1
595 2
196 1
478 1
526 1
621 1
548 2
591 2
429 1
388 1
49 1
578 1
22 2
191 2
469 2
56 1
481 2
473 1
410 1
149 2
427 1
441 1
331 1
144 1
91 2
627 1
454 1
337 2
187 2
533 1
298 1
49 1
340 1
298 2
303 2
106 2
553 1
562 2
166 2
463 2
601 2
169 2
590 1
411 2
370 1
214 1
295 2
595 2
224 2
198 1
145 1
184 2
414 1
177 2
196 1
314 2
493 2
367 2
352 2
387 2
166 2
366 1
483 1
341 2
468 1
188 2
182 1
212 2
181 2
223 1
166 1
43 2
388 2
315 1
438 1
123 2
434 2
199 1
155 2
544 1
540 1
533 2
427 1
588 1
538 1
166 1
266 2
578 2
181 1
37 1
119 2
418 1
296 2
594 1
173 1
459 2
423 2
79 1
373 2
505 2
154 2
232 1
171 1
351 1
442 2
145 1
46 1
354 2
331 1
307 1
4 2
109 1
268 1
103 1
176 2
552 1
132 2
187 1
240 1
85 1
226 2
56 2
311 1
166 2
430 2
340 1
82 1
406 2
163 1
574 2
160 1
373 1
445 2
1 2
196 1
353 1
545 2
14 1
91 2
102 1
581 2
49 2
280 1
370 1
65 2
604 1
272 1
474 1
108 2
380 1
120 1
476 1
421 1
472 2
305 1
592 2
613 2
591 2
40 2
108 2
328 2
75 1
325 1
388 1
109 2
594 1
539 1
343 2
239 1
221 1
63 2
161 1
537 1
598 1
409 2
277 1
243 2
383 1
191 1
226 1
76 2
442 1
474 2
99 1
499 2
47 1
417 2
95 2
33 2
298 1
193 2
520 2
214 1
328 2
355 1
448 2
266 2
400 2
541 1
190 1
172 2
538 1
79 2
181 2
151 2
194 2
317 1
422 1
153 1
490 1
149 2
250 1
411 2
91 1
133 2
36 1
464 1
170 2
190 1
564 1
93 2
106 1
559 2
277 2
94 2
545 1
453 2
317 1
259 2
427 2
625 2
53 2
592 1
535 1
388 2
481 1
120 1
532 2
402 1
340 2
452 1
180 1
31 1
160 2
112 2
380 2
349 2
549 1
619 2
22 2
65 2
499 1
46 2
169 2
291 2
225 1
333 1
239 2
115 1
181 2
256 2
512 2
271 1
633 2
372 1
439 2
354 2
266 1
16 2
331 1
440 2
405 2
385 2
259 1
556 1
134 2
529 2
574 1
356 2
563 1
263 2
283 2
355 1
20 2
573 1
89 2
460 1
518 1
565 1
212 1
460 2
593 1
416 2
512 2
212 2
625 1
91 2
167 2
184 2
388 1
191 2
106 2
136 1
140 1
425 2
35 1
110 1
604 2
537 2
65 1
238 1
602 2
256 1
604 2
367 1
606 1
176 1
322 2
130 2
450 2
366 2
508 1
597 1
627 1
35 2
52 1
176 2
21 1
510 2
633 1
226 2
64 1
389 1
294 2
166 2
270 2
141 2
52 1
181 2
430 2
491 2
516 1
356 2
24 1
256 1
114 2
540 2
550 2
365 1
358 1
491 1
121 1
34 2
436 1
403 1
342 2
294 2
154 2
295 1
428 1
562 2
376 2
184 1
280 1
336 1
339 1
561 2
156 1
82 2
18 2
295 1
347 2
578 2
393 1
334 2
324 2
266 1
77 2
194 1
524 1
373 2
277 2
312 1
573 1
139 1
193 2
483 2
73 1
628 2
94 1
562 2
1 1
3 2
370 1
226 2
436 1
613 2
260 2
517 2
387 1
98 2
112 1
455 1
82 1
277 1
570 1
77 2
503 1
121 1
353 2
354 1
188 1
203 1
163 1
10 2
214 2
151 1
524 2
430 1
364 2
237 1
273 2
466 1
52 1
388 2
403 1
138 2
247 1
196 2
113 1
611 1
406 2
121 2
547 1
335 1
268 1
358 1
240 2
372 2
1 2
179 1
188 2
76 1
142 2
427 1
64 1
520 1
292 2
37 2
301 2
175 1
284 1
477 1
613 2
404 1
309 1
370 2
410 1
496 1
181 1
193 2
169 1
86 2
573 2
563 2
62 2
521 2
409 2
569 1
466 1
532 1
223 2
433 1
406 1
357 2
89 1
101 2
313 1
50 2
335 2
103 2
493 2
322 1
422 1
108 1
565 2
157 1
280 2
274 2
133 1
565 2
476 1
142 1
67 1
319 2
250 2
515 1
232 2
288 2
56 1
590 2
629 2
158 2
433 1
410 2
187 2
259 2
158 2
237 1
618 1
293 2
28 2
391 1
622 1
571 2
388 2
302 2
316 1
238 1
574 1
298 1
535 2
360 2
521 1
495 1
101 1
478 2
607 2
222 2
327 2
230 2
626 1
109 1
484 2
271 2
98 1
394 2
507 2
421 2
33 1
526 1
584 1
177 2
238 2
322 1
269 2
169 1
616 2
463 1
388 2
411 2
217 2
336 1
140 1
516 2
448 1
577 1
235 2
92 2
598 2
617 1
379 1
366 1
465 2
1 1
547 2
481 1
220 1
601 1
24 1
427 1
322 1
547 2
512 2
599 1
476 2
105 1
556 1
487 1
64 2
72 1
22 1
250 2
465 1
616 1
183 1
283 1
595 2
535 1
98 1
372 1
306 1
256 1
188 2
137 2
548 2
211 2
244 2
284 1
268 2
304 2
597 1
339 2
394 2
483 1
390 1
112 2
542 1
84 1
369 1
592 2
106 2
297 2
315 2
484 2
372 2
377 1
559 2
491 1
175 1
82 1
97 2
400 2
178 1
220 2
412 1
487 2
256 1
518 1
234 1
585 2
145 2
537 1
597 1
268 1
3 2
109 2
209 2
437 1
145 2
378 2
619 2
361 1
70 2
119 1
485 2
49 2
531 2
532 2
598 2
628 1
157 1
181 1
110 2
68 2
225 2
122 2
259 2
329 2
514 1
340 1
100 1
461 2
387 1
195 2
43 2
130 2
369 2
556 1
451 2
474 1
88 1
502 1
478 1
250 1
472 1
121 2
257 2
223 1
335 2
379 2
49 2
182 1
187 2
460 1
347 1
17 2
600 1
233 1
7 1
321 1
166 1
548 2
197 1
571 2
529 2
121 1
304 1
204 1
459 1
28 2
124 2
358 1
496 2
50 2
538 1
440 1
280 2
511 2
379 2
94 2
265 2
535 1
530 1
4 1
577 2
153 1
560 2
154 1
145 1
412 1
