1023
100000000 1 0
100000000 1 1
100000000 2 0 1
100000000 1 2
100000000 2 0 2
100000000 2 1 2
100000000 3 0 1 2
100000000 1 3
100000000 2 0 3
100000000 2 1 3
100000000 3 0 1 3
100000000 2 2 3
100000000 3 0 2 3
100000000 3 1 2 3
100000000 4 0 1 2 3
100000000 1 4
100000000 2 0 4
100000000 2 1 4
100000000 3 0 1 4
100000000 2 2 4
100000000 3 0 2 4
100000000 3 1 2 4
100000000 4 0 1 2 4
100000000 2 3 4
100000000 3 0 3 4
100000000 3 1 3 4
100000000 4 0 1 3 4
100000000 3 2 3 4
100000000 4 0 2 3 4
100000000 4 1 2 3 4
100000000 5 0 1 2 3 4
100000000 1 5
100000000 2 0 5
100000000 2 1 5
100000000 3 0 1 5
100000000 2 2 5
100000000 3 0 2 5
100000000 3 1 2 5
100000000 4 0 1 2 5
100000000 2 3 5
100000000 3 0 3 5
100000000 3 1 3 5
100000000 4 0 1 3 5
100000000 3 2 3 5
100000000 4 0 2 3 5
100000000 4 1 2 3 5
100000000 5 0 1 2 3 5
100000000 2 4 5
100000000 3 0 4 5
100000000 3 1 4 5
100000000 4 0 1 4 5
100000000 3 2 4 5
100000000 4 0 2 4 5
100000000 4 1 2 4 5
100000000 5 0 1 2 4 5
100000000 3 3 4 5
100000000 4 0 3 4 5
100000000 4 1 3 4 5
100000000 5 0 1 3 4 5
100000000 4 2 3 4 5
100000000 5 0 2 3 4 5
100000000 5 1 2 3 4 5
100000000 6 0 1 2 3 4 5
100000000 1 6
100000000 2 0 6
100000000 2 1 6
100000000 3 0 1 6
100000000 2 2 6
100000000 3 0 2 6
100000000 3 1 2 6
100000000 4 0 1 2 6
100000000 2 3 6
100000000 3 0 3 6
100000000 3 1 3 6
100000000 4 0 1 3 6
100000000 3 2 3 6
100000000 4 0 2 3 6
100000000 4 1 2 3 6
100000000 5 0 1 2 3 6
100000000 2 4 6
100000000 3 0 4 6
100000000 3 1 4 6
100000000 4 0 1 4 6
100000000 3 2 4 6
100000000 4 0 2 4 6
100000000 4 1 2 4 6
100000000 5 0 1 2 4 6
100000000 3 3 4 6
100000000 4 0 3 4 6
100000000 4 1 3 4 6
100000000 5 0 1 3 4 6
100000000 4 2 3 4 6
100000000 5 0 2 3 4 6
100000000 5 1 2 3 4 6
100000000 6 0 1 2 3 4 6
100000000 2 5 6
100000000 3 0 5 6
100000000 3 1 5 6
100000000 4 0 1 5 6
100000000 3 2 5 6
100000000 4 0 2 5 6
100000000 4 1 2 5 6
100000000 5 0 1 2 5 6
100000000 3 3 5 6
100000000 4 0 3 5 6
100000000 4 1 3 5 6
100000000 5 0 1 3 5 6
100000000 4 2 3 5 6
100000000 5 0 2 3 5 6
100000000 5 1 2 3 5 6
100000000 6 0 1 2 3 5 6
100000000 3 4 5 6
100000000 4 0 4 5 6
100000000 4 1 4 5 6
100000000 5 0 1 4 5 6
100000000 4 2 4 5 6
100000000 5 0 2 4 5 6
100000000 5 1 2 4 5 6
100000000 6 0 1 2 4 5 6
100000000 4 3 4 5 6
100000000 5 0 3 4 5 6
100000000 5 1 3 4 5 6
100000000 6 0 1 3 4 5 6
100000000 5 2 3 4 5 6
100000000 6 0 2 3 4 5 6
100000000 6 1 2 3 4 5 6
100000000 7 0 1 2 3 4 5 6
100000000 1 7
100000000 2 0 7
100000000 2 1 7
100000000 3 0 1 7
100000000 2 2 7
100000000 3 0 2 7
100000000 3 1 2 7
100000000 4 0 1 2 7
100000000 2 3 7
100000000 3 0 3 7
100000000 3 1 3 7
100000000 4 0 1 3 7
100000000 3 2 3 7
100000000 4 0 2 3 7
100000000 4 1 2 3 7
100000000 5 0 1 2 3 7
100000000 2 4 7
100000000 3 0 4 7
100000000 3 1 4 7
100000000 4 0 1 4 7
100000000 3 2 4 7
100000000 4 0 2 4 7
100000000 4 1 2 4 7
100000000 5 0 1 2 4 7
100000000 3 3 4 7
100000000 4 0 3 4 7
100000000 4 1 3 4 7
100000000 5 0 1 3 4 7
100000000 4 2 3 4 7
100000000 5 0 2 3 4 7
100000000 5 1 2 3 4 7
100000000 6 0 1 2 3 4 7
100000000 2 5 7
100000000 3 0 5 7
100000000 3 1 5 7
100000000 4 0 1 5 7
100000000 3 2 5 7
100000000 4 0 2 5 7
100000000 4 1 2 5 7
100000000 5 0 1 2 5 7
100000000 3 3 5 7
100000000 4 0 3 5 7
100000000 4 1 3 5 7
100000000 5 0 1 3 5 7
100000000 4 2 3 5 7
100000000 5 0 2 3 5 7
100000000 5 1 2 3 5 7
100000000 6 0 1 2 3 5 7
100000000 3 4 5 7
100000000 4 0 4 5 7
100000000 4 1 4 5 7
100000000 5 0 1 4 5 7
100000000 4 2 4 5 7
100000000 5 0 2 4 5 7
100000000 5 1 2 4 5 7
100000000 6 0 1 2 4 5 7
100000000 4 3 4 5 7
100000000 5 0 3 4 5 7
100000000 5 1 3 4 5 7
100000000 6 0 1 3 4 5 7
100000000 5 2 3 4 5 7
100000000 6 0 2 3 4 5 7
100000000 6 1 2 3 4 5 7
100000000 7 0 1 2 3 4 5 7
100000000 2 6 7
100000000 3 0 6 7
100000000 3 1 6 7
100000000 4 0 1 6 7
100000000 3 2 6 7
100000000 4 0 2 6 7
100000000 4 1 2 6 7
100000000 5 0 1 2 6 7
100000000 3 3 6 7
100000000 4 0 3 6 7
100000000 4 1 3 6 7
100000000 5 0 1 3 6 7
100000000 4 2 3 6 7
100000000 5 0 2 3 6 7
100000000 5 1 2 3 6 7
100000000 6 0 1 2 3 6 7
100000000 3 4 6 7
100000000 4 0 4 6 7
100000000 4 1 4 6 7
100000000 5 0 1 4 6 7
100000000 4 2 4 6 7
100000000 5 0 2 4 6 7
100000000 5 1 2 4 6 7
100000000 6 0 1 2 4 6 7
100000000 4 3 4 6 7
100000000 5 0 3 4 6 7
100000000 5 1 3 4 6 7
100000000 6 0 1 3 4 6 7
100000000 5 2 3 4 6 7
100000000 6 0 2 3 4 6 7
100000000 6 1 2 3 4 6 7
100000000 7 0 1 2 3 4 6 7
100000000 3 5 6 7
100000000 4 0 5 6 7
100000000 4 1 5 6 7
100000000 5 0 1 5 6 7
100000000 4 2 5 6 7
100000000 5 0 2 5 6 7
100000000 5 1 2 5 6 7
100000000 6 0 1 2 5 6 7
100000000 4 3 5 6 7
100000000 5 0 3 5 6 7
100000000 5 1 3 5 6 7
100000000 6 0 1 3 5 6 7
100000000 5 2 3 5 6 7
100000000 6 0 2 3 5 6 7
100000000 6 1 2 3 5 6 7
100000000 7 0 1 2 3 5 6 7
100000000 4 4 5 6 7
100000000 5 0 4 5 6 7
100000000 5 1 4 5 6 7
100000000 6 0 1 4 5 6 7
100000000 5 2 4 5 6 7
100000000 6 0 2 4 5 6 7
100000000 6 1 2 4 5 6 7
100000000 7 0 1 2 4 5 6 7
100000000 5 3 4 5 6 7
100000000 6 0 3 4 5 6 7
100000000 6 1 3 4 5 6 7
100000000 7 0 1 3 4 5 6 7
100000000 6 2 3 4 5 6 7
100000000 7 0 2 3 4 5 6 7
100000000 7 1 2 3 4 5 6 7
100000000 8 0 1 2 3 4 5 6 7
100000000 1 8
100000000 2 0 8
100000000 2 1 8
100000000 3 0 1 8
100000000 2 2 8
100000000 3 0 2 8
100000000 3 1 2 8
100000000 4 0 1 2 8
100000000 2 3 8
100000000 3 0 3 8
100000000 3 1 3 8
100000000 4 0 1 3 8
100000000 3 2 3 8
100000000 4 0 2 3 8
100000000 4 1 2 3 8
100000000 5 0 1 2 3 8
100000000 2 4 8
100000000 3 0 4 8
100000000 3 1 4 8
100000000 4 0 1 4 8
100000000 3 2 4 8
100000000 4 0 2 4 8
100000000 4 1 2 4 8
100000000 5 0 1 2 4 8
100000000 3 3 4 8
100000000 4 0 3 4 8
100000000 4 1 3 4 8
100000000 5 0 1 3 4 8
100000000 4 2 3 4 8
100000000 5 0 2 3 4 8
100000000 5 1 2 3 4 8
100000000 6 0 1 2 3 4 8
100000000 2 5 8
100000000 3 0 5 8
100000000 3 1 5 8
100000000 4 0 1 5 8
100000000 3 2 5 8
100000000 4 0 2 5 8
100000000 4 1 2 5 8
100000000 5 0 1 2 5 8
100000000 3 3 5 8
100000000 4 0 3 5 8
100000000 4 1 3 5 8
100000000 5 0 1 3 5 8
100000000 4 2 3 5 8
100000000 5 0 2 3 5 8
100000000 5 1 2 3 5 8
100000000 6 0 1 2 3 5 8
100000000 3 4 5 8
100000000 4 0 4 5 8
100000000 4 1 4 5 8
100000000 5 0 1 4 5 8
100000000 4 2 4 5 8
100000000 5 0 2 4 5 8
100000000 5 1 2 4 5 8
100000000 6 0 1 2 4 5 8
100000000 4 3 4 5 8
100000000 5 0 3 4 5 8
100000000 5 1 3 4 5 8
100000000 6 0 1 3 4 5 8
100000000 5 2 3 4 5 8
100000000 6 0 2 3 4 5 8
100000000 6 1 2 3 4 5 8
100000000 7 0 1 2 3 4 5 8
100000000 2 6 8
100000000 3 0 6 8
100000000 3 1 6 8
100000000 4 0 1 6 8
100000000 3 2 6 8
100000000 4 0 2 6 8
100000000 4 1 2 6 8
100000000 5 0 1 2 6 8
100000000 3 3 6 8
100000000 4 0 3 6 8
100000000 4 1 3 6 8
100000000 5 0 1 3 6 8
100000000 4 2 3 6 8
100000000 5 0 2 3 6 8
100000000 5 1 2 3 6 8
100000000 6 0 1 2 3 6 8
100000000 3 4 6 8
100000000 4 0 4 6 8
100000000 4 1 4 6 8
100000000 5 0 1 4 6 8
100000000 4 2 4 6 8
100000000 5 0 2 4 6 8
100000000 5 1 2 4 6 8
100000000 6 0 1 2 4 6 8
100000000 4 3 4 6 8
100000000 5 0 3 4 6 8
100000000 5 1 3 4 6 8
100000000 6 0 1 3 4 6 8
100000000 5 2 3 4 6 8
100000000 6 0 2 3 4 6 8
100000000 6 1 2 3 4 6 8
100000000 7 0 1 2 3 4 6 8
100000000 3 5 6 8
100000000 4 0 5 6 8
100000000 4 1 5 6 8
100000000 5 0 1 5 6 8
100000000 4 2 5 6 8
100000000 5 0 2 5 6 8
100000000 5 1 2 5 6 8
100000000 6 0 1 2 5 6 8
100000000 4 3 5 6 8
100000000 5 0 3 5 6 8
100000000 5 1 3 5 6 8
100000000 6 0 1 3 5 6 8
100000000 5 2 3 5 6 8
100000000 6 0 2 3 5 6 8
100000000 6 1 2 3 5 6 8
100000000 7 0 1 2 3 5 6 8
100000000 4 4 5 6 8
100000000 5 0 4 5 6 8
100000000 5 1 4 5 6 8
100000000 6 0 1 4 5 6 8
100000000 5 2 4 5 6 8
100000000 6 0 2 4 5 6 8
100000000 6 1 2 4 5 6 8
100000000 7 0 1 2 4 5 6 8
100000000 5 3 4 5 6 8
100000000 6 0 3 4 5 6 8
100000000 6 1 3 4 5 6 8
100000000 7 0 1 3 4 5 6 8
100000000 6 2 3 4 5 6 8
100000000 7 0 2 3 4 5 6 8
100000000 7 1 2 3 4 5 6 8
100000000 8 0 1 2 3 4 5 6 8
100000000 2 7 8
100000000 3 0 7 8
100000000 3 1 7 8
100000000 4 0 1 7 8
100000000 3 2 7 8
100000000 4 0 2 7 8
100000000 4 1 2 7 8
100000000 5 0 1 2 7 8
100000000 3 3 7 8
100000000 4 0 3 7 8
100000000 4 1 3 7 8
100000000 5 0 1 3 7 8
100000000 4 2 3 7 8
100000000 5 0 2 3 7 8
100000000 5 1 2 3 7 8
100000000 6 0 1 2 3 7 8
100000000 3 4 7 8
100000000 4 0 4 7 8
100000000 4 1 4 7 8
100000000 5 0 1 4 7 8
100000000 4 2 4 7 8
100000000 5 0 2 4 7 8
100000000 5 1 2 4 7 8
100000000 6 0 1 2 4 7 8
100000000 4 3 4 7 8
100000000 5 0 3 4 7 8
100000000 5 1 3 4 7 8
100000000 6 0 1 3 4 7 8
100000000 5 2 3 4 7 8
100000000 6 0 2 3 4 7 8
100000000 6 1 2 3 4 7 8
100000000 7 0 1 2 3 4 7 8
100000000 3 5 7 8
100000000 4 0 5 7 8
100000000 4 1 5 7 8
100000000 5 0 1 5 7 8
100000000 4 2 5 7 8
100000000 5 0 2 5 7 8
100000000 5 1 2 5 7 8
100000000 6 0 1 2 5 7 8
100000000 4 3 5 7 8
100000000 5 0 3 5 7 8
100000000 5 1 3 5 7 8
100000000 6 0 1 3 5 7 8
100000000 5 2 3 5 7 8
100000000 6 0 2 3 5 7 8
100000000 6 1 2 3 5 7 8
100000000 7 0 1 2 3 5 7 8
100000000 4 4 5 7 8
100000000 5 0 4 5 7 8
100000000 5 1 4 5 7 8
100000000 6 0 1 4 5 7 8
100000000 5 2 4 5 7 8
100000000 6 0 2 4 5 7 8
100000000 6 1 2 4 5 7 8
100000000 7 0 1 2 4 5 7 8
100000000 5 3 4 5 7 8
100000000 6 0 3 4 5 7 8
100000000 6 1 3 4 5 7 8
100000000 7 0 1 3 4 5 7 8
100000000 6 2 3 4 5 7 8
100000000 7 0 2 3 4 5 7 8
100000000 7 1 2 3 4 5 7 8
100000000 8 0 1 2 3 4 5 7 8
100000000 3 6 7 8
100000000 4 0 6 7 8
100000000 4 1 6 7 8
100000000 5 0 1 6 7 8
100000000 4 2 6 7 8
100000000 5 0 2 6 7 8
100000000 5 1 2 6 7 8
100000000 6 0 1 2 6 7 8
100000000 4 3 6 7 8
100000000 5 0 3 6 7 8
100000000 5 1 3 6 7 8
100000000 6 0 1 3 6 7 8
100000000 5 2 3 6 7 8
100000000 6 0 2 3 6 7 8
100000000 6 1 2 3 6 7 8
100000000 7 0 1 2 3 6 7 8
100000000 4 4 6 7 8
100000000 5 0 4 6 7 8
100000000 5 1 4 6 7 8
100000000 6 0 1 4 6 7 8
100000000 5 2 4 6 7 8
100000000 6 0 2 4 6 7 8
100000000 6 1 2 4 6 7 8
100000000 7 0 1 2 4 6 7 8
100000000 5 3 4 6 7 8
100000000 6 0 3 4 6 7 8
100000000 6 1 3 4 6 7 8
100000000 7 0 1 3 4 6 7 8
100000000 6 2 3 4 6 7 8
100000000 7 0 2 3 4 6 7 8
100000000 7 1 2 3 4 6 7 8
100000000 8 0 1 2 3 4 6 7 8
100000000 4 5 6 7 8
100000000 5 0 5 6 7 8
100000000 5 1 5 6 7 8
100000000 6 0 1 5 6 7 8
100000000 5 2 5 6 7 8
100000000 6 0 2 5 6 7 8
100000000 6 1 2 5 6 7 8
100000000 7 0 1 2 5 6 7 8
100000000 5 3 5 6 7 8
100000000 6 0 3 5 6 7 8
100000000 6 1 3 5 6 7 8
100000000 7 0 1 3 5 6 7 8
100000000 6 2 3 5 6 7 8
100000000 7 0 2 3 5 6 7 8
100000000 7 1 2 3 5 6 7 8
100000000 8 0 1 2 3 5 6 7 8
100000000 5 4 5 6 7 8
100000000 6 0 4 5 6 7 8
100000000 6 1 4 5 6 7 8
100000000 7 0 1 4 5 6 7 8
100000000 6 2 4 5 6 7 8
100000000 7 0 2 4 5 6 7 8
100000000 7 1 2 4 5 6 7 8
100000000 8 0 1 2 4 5 6 7 8
100000000 6 3 4 5 6 7 8
100000000 7 0 3 4 5 6 7 8
100000000 7 1 3 4 5 6 7 8
100000000 8 0 1 3 4 5 6 7 8
100000000 7 2 3 4 5 6 7 8
100000000 8 0 2 3 4 5 6 7 8
100000000 8 1 2 3 4 5 6 7 8
100000000 9 0 1 2 3 4 5 6 7 8
100000000 1 9
100000000 2 0 9
100000000 2 1 9
100000000 3 0 1 9
100000000 2 2 9
100000000 3 0 2 9
100000000 3 1 2 9
100000000 4 0 1 2 9
100000000 2 3 9
100000000 3 0 3 9
100000000 3 1 3 9
100000000 4 0 1 3 9
100000000 3 2 3 9
100000000 4 0 2 3 9
100000000 4 1 2 3 9
100000000 5 0 1 2 3 9
100000000 2 4 9
100000000 3 0 4 9
100000000 3 1 4 9
100000000 4 0 1 4 9
100000000 3 2 4 9
100000000 4 0 2 4 9
100000000 4 1 2 4 9
100000000 5 0 1 2 4 9
100000000 3 3 4 9
100000000 4 0 3 4 9
100000000 4 1 3 4 9
100000000 5 0 1 3 4 9
100000000 4 2 3 4 9
100000000 5 0 2 3 4 9
100000000 5 1 2 3 4 9
100000000 6 0 1 2 3 4 9
100000000 2 5 9
100000000 3 0 5 9
100000000 3 1 5 9
100000000 4 0 1 5 9
100000000 3 2 5 9
100000000 4 0 2 5 9
100000000 4 1 2 5 9
100000000 5 0 1 2 5 9
100000000 3 3 5 9
100000000 4 0 3 5 9
100000000 4 1 3 5 9
100000000 5 0 1 3 5 9
100000000 4 2 3 5 9
100000000 5 0 2 3 5 9
100000000 5 1 2 3 5 9
100000000 6 0 1 2 3 5 9
100000000 3 4 5 9
100000000 4 0 4 5 9
100000000 4 1 4 5 9
100000000 5 0 1 4 5 9
100000000 4 2 4 5 9
100000000 5 0 2 4 5 9
100000000 5 1 2 4 5 9
100000000 6 0 1 2 4 5 9
100000000 4 3 4 5 9
100000000 5 0 3 4 5 9
100000000 5 1 3 4 5 9
100000000 6 0 1 3 4 5 9
100000000 5 2 3 4 5 9
100000000 6 0 2 3 4 5 9
100000000 6 1 2 3 4 5 9
100000000 7 0 1 2 3 4 5 9
100000000 2 6 9
100000000 3 0 6 9
100000000 3 1 6 9
100000000 4 0 1 6 9
100000000 3 2 6 9
100000000 4 0 2 6 9
100000000 4 1 2 6 9
100000000 5 0 1 2 6 9
100000000 3 3 6 9
100000000 4 0 3 6 9
100000000 4 1 3 6 9
100000000 5 0 1 3 6 9
100000000 4 2 3 6 9
100000000 5 0 2 3 6 9
100000000 5 1 2 3 6 9
100000000 6 0 1 2 3 6 9
100000000 3 4 6 9
100000000 4 0 4 6 9
100000000 4 1 4 6 9
100000000 5 0 1 4 6 9
100000000 4 2 4 6 9
100000000 5 0 2 4 6 9
100000000 5 1 2 4 6 9
100000000 6 0 1 2 4 6 9
100000000 4 3 4 6 9
100000000 5 0 3 4 6 9
100000000 5 1 3 4 6 9
100000000 6 0 1 3 4 6 9
100000000 5 2 3 4 6 9
100000000 6 0 2 3 4 6 9
100000000 6 1 2 3 4 6 9
100000000 7 0 1 2 3 4 6 9
100000000 3 5 6 9
100000000 4 0 5 6 9
100000000 4 1 5 6 9
100000000 5 0 1 5 6 9
100000000 4 2 5 6 9
100000000 5 0 2 5 6 9
100000000 5 1 2 5 6 9
100000000 6 0 1 2 5 6 9
100000000 4 3 5 6 9
100000000 5 0 3 5 6 9
100000000 5 1 3 5 6 9
100000000 6 0 1 3 5 6 9
100000000 5 2 3 5 6 9
100000000 6 0 2 3 5 6 9
100000000 6 1 2 3 5 6 9
100000000 7 0 1 2 3 5 6 9
100000000 4 4 5 6 9
100000000 5 0 4 5 6 9
100000000 5 1 4 5 6 9
100000000 6 0 1 4 5 6 9
100000000 5 2 4 5 6 9
100000000 6 0 2 4 5 6 9
100000000 6 1 2 4 5 6 9
100000000 7 0 1 2 4 5 6 9
100000000 5 3 4 5 6 9
100000000 6 0 3 4 5 6 9
100000000 6 1 3 4 5 6 9
100000000 7 0 1 3 4 5 6 9
100000000 6 2 3 4 5 6 9
100000000 7 0 2 3 4 5 6 9
100000000 7 1 2 3 4 5 6 9
100000000 8 0 1 2 3 4 5 6 9
100000000 2 7 9
100000000 3 0 7 9
100000000 3 1 7 9
100000000 4 0 1 7 9
100000000 3 2 7 9
100000000 4 0 2 7 9
100000000 4 1 2 7 9
100000000 5 0 1 2 7 9
100000000 3 3 7 9
100000000 4 0 3 7 9
100000000 4 1 3 7 9
100000000 5 0 1 3 7 9
100000000 4 2 3 7 9
100000000 5 0 2 3 7 9
100000000 5 1 2 3 7 9
100000000 6 0 1 2 3 7 9
100000000 3 4 7 9
100000000 4 0 4 7 9
100000000 4 1 4 7 9
100000000 5 0 1 4 7 9
100000000 4 2 4 7 9
100000000 5 0 2 4 7 9
100000000 5 1 2 4 7 9
100000000 6 0 1 2 4 7 9
100000000 4 3 4 7 9
100000000 5 0 3 4 7 9
100000000 5 1 3 4 7 9
100000000 6 0 1 3 4 7 9
100000000 5 2 3 4 7 9
100000000 6 0 2 3 4 7 9
100000000 6 1 2 3 4 7 9
100000000 7 0 1 2 3 4 7 9
100000000 3 5 7 9
100000000 4 0 5 7 9
100000000 4 1 5 7 9
100000000 5 0 1 5 7 9
100000000 4 2 5 7 9
100000000 5 0 2 5 7 9
100000000 5 1 2 5 7 9
100000000 6 0 1 2 5 7 9
100000000 4 3 5 7 9
100000000 5 0 3 5 7 9
100000000 5 1 3 5 7 9
100000000 6 0 1 3 5 7 9
100000000 5 2 3 5 7 9
100000000 6 0 2 3 5 7 9
100000000 6 1 2 3 5 7 9
100000000 7 0 1 2 3 5 7 9
100000000 4 4 5 7 9
100000000 5 0 4 5 7 9
100000000 5 1 4 5 7 9
100000000 6 0 1 4 5 7 9
100000000 5 2 4 5 7 9
100000000 6 0 2 4 5 7 9
100000000 6 1 2 4 5 7 9
100000000 7 0 1 2 4 5 7 9
100000000 5 3 4 5 7 9
100000000 6 0 3 4 5 7 9
100000000 6 1 3 4 5 7 9
100000000 7 0 1 3 4 5 7 9
100000000 6 2 3 4 5 7 9
100000000 7 0 2 3 4 5 7 9
100000000 7 1 2 3 4 5 7 9
100000000 8 0 1 2 3 4 5 7 9
100000000 3 6 7 9
100000000 4 0 6 7 9
100000000 4 1 6 7 9
100000000 5 0 1 6 7 9
100000000 4 2 6 7 9
100000000 5 0 2 6 7 9
100000000 5 1 2 6 7 9
100000000 6 0 1 2 6 7 9
100000000 4 3 6 7 9
100000000 5 0 3 6 7 9
100000000 5 1 3 6 7 9
100000000 6 0 1 3 6 7 9
100000000 5 2 3 6 7 9
100000000 6 0 2 3 6 7 9
100000000 6 1 2 3 6 7 9
100000000 7 0 1 2 3 6 7 9
100000000 4 4 6 7 9
100000000 5 0 4 6 7 9
100000000 5 1 4 6 7 9
100000000 6 0 1 4 6 7 9
100000000 5 2 4 6 7 9
100000000 6 0 2 4 6 7 9
100000000 6 1 2 4 6 7 9
100000000 7 0 1 2 4 6 7 9
100000000 5 3 4 6 7 9
100000000 6 0 3 4 6 7 9
100000000 6 1 3 4 6 7 9
100000000 7 0 1 3 4 6 7 9
100000000 6 2 3 4 6 7 9
100000000 7 0 2 3 4 6 7 9
100000000 7 1 2 3 4 6 7 9
100000000 8 0 1 2 3 4 6 7 9
100000000 4 5 6 7 9
100000000 5 0 5 6 7 9
100000000 5 1 5 6 7 9
100000000 6 0 1 5 6 7 9
100000000 5 2 5 6 7 9
100000000 6 0 2 5 6 7 9
100000000 6 1 2 5 6 7 9
100000000 7 0 1 2 5 6 7 9
100000000 5 3 5 6 7 9
100000000 6 0 3 5 6 7 9
100000000 6 1 3 5 6 7 9
100000000 7 0 1 3 5 6 7 9
100000000 6 2 3 5 6 7 9
100000000 7 0 2 3 5 6 7 9
100000000 7 1 2 3 5 6 7 9
100000000 8 0 1 2 3 5 6 7 9
100000000 5 4 5 6 7 9
100000000 6 0 4 5 6 7 9
100000000 6 1 4 5 6 7 9
100000000 7 0 1 4 5 6 7 9
100000000 6 2 4 5 6 7 9
100000000 7 0 2 4 5 6 7 9
100000000 7 1 2 4 5 6 7 9
100000000 8 0 1 2 4 5 6 7 9
100000000 6 3 4 5 6 7 9
100000000 7 0 3 4 5 6 7 9
100000000 7 1 3 4 5 6 7 9
100000000 8 0 1 3 4 5 6 7 9
100000000 7 2 3 4 5 6 7 9
100000000 8 0 2 3 4 5 6 7 9
100000000 8 1 2 3 4 5 6 7 9
100000000 9 0 1 2 3 4 5 6 7 9
100000000 2 8 9
100000000 3 0 8 9
100000000 3 1 8 9
100000000 4 0 1 8 9
100000000 3 2 8 9
100000000 4 0 2 8 9
100000000 4 1 2 8 9
100000000 5 0 1 2 8 9
100000000 3 3 8 9
100000000 4 0 3 8 9
100000000 4 1 3 8 9
100000000 5 0 1 3 8 9
100000000 4 2 3 8 9
100000000 5 0 2 3 8 9
100000000 5 1 2 3 8 9
100000000 6 0 1 2 3 8 9
100000000 3 4 8 9
100000000 4 0 4 8 9
100000000 4 1 4 8 9
100000000 5 0 1 4 8 9
100000000 4 2 4 8 9
100000000 5 0 2 4 8 9
100000000 5 1 2 4 8 9
100000000 6 0 1 2 4 8 9
100000000 4 3 4 8 9
100000000 5 0 3 4 8 9
100000000 5 1 3 4 8 9
100000000 6 0 1 3 4 8 9
100000000 5 2 3 4 8 9
100000000 6 0 2 3 4 8 9
100000000 6 1 2 3 4 8 9
100000000 7 0 1 2 3 4 8 9
100000000 3 5 8 9
100000000 4 0 5 8 9
100000000 4 1 5 8 9
100000000 5 0 1 5 8 9
100000000 4 2 5 8 9
100000000 5 0 2 5 8 9
100000000 5 1 2 5 8 9
100000000 6 0 1 2 5 8 9
100000000 4 3 5 8 9
100000000 5 0 3 5 8 9
100000000 5 1 3 5 8 9
100000000 6 0 1 3 5 8 9
100000000 5 2 3 5 8 9
100000000 6 0 2 3 5 8 9
100000000 6 1 2 3 5 8 9
100000000 7 0 1 2 3 5 8 9
100000000 4 4 5 8 9
100000000 5 0 4 5 8 9
100000000 5 1 4 5 8 9
100000000 6 0 1 4 5 8 9
100000000 5 2 4 5 8 9
100000000 6 0 2 4 5 8 9
100000000 6 1 2 4 5 8 9
100000000 7 0 1 2 4 5 8 9
100000000 5 3 4 5 8 9
100000000 6 0 3 4 5 8 9
100000000 6 1 3 4 5 8 9
100000000 7 0 1 3 4 5 8 9
100000000 6 2 3 4 5 8 9
100000000 7 0 2 3 4 5 8 9
100000000 7 1 2 3 4 5 8 9
100000000 8 0 1 2 3 4 5 8 9
100000000 3 6 8 9
100000000 4 0 6 8 9
100000000 4 1 6 8 9
100000000 5 0 1 6 8 9
100000000 4 2 6 8 9
100000000 5 0 2 6 8 9
100000000 5 1 2 6 8 9
100000000 6 0 1 2 6 8 9
100000000 4 3 6 8 9
100000000 5 0 3 6 8 9
100000000 5 1 3 6 8 9
100000000 6 0 1 3 6 8 9
100000000 5 2 3 6 8 9
100000000 6 0 2 3 6 8 9
100000000 6 1 2 3 6 8 9
100000000 7 0 1 2 3 6 8 9
100000000 4 4 6 8 9
100000000 5 0 4 6 8 9
100000000 5 1 4 6 8 9
100000000 6 0 1 4 6 8 9
100000000 5 2 4 6 8 9
100000000 6 0 2 4 6 8 9
100000000 6 1 2 4 6 8 9
100000000 7 0 1 2 4 6 8 9
100000000 5 3 4 6 8 9
100000000 6 0 3 4 6 8 9
100000000 6 1 3 4 6 8 9
100000000 7 0 1 3 4 6 8 9
100000000 6 2 3 4 6 8 9
100000000 7 0 2 3 4 6 8 9
100000000 7 1 2 3 4 6 8 9
100000000 8 0 1 2 3 4 6 8 9
100000000 4 5 6 8 9
100000000 5 0 5 6 8 9
100000000 5 1 5 6 8 9
100000000 6 0 1 5 6 8 9
100000000 5 2 5 6 8 9
100000000 6 0 2 5 6 8 9
100000000 6 1 2 5 6 8 9
100000000 7 0 1 2 5 6 8 9
100000000 5 3 5 6 8 9
100000000 6 0 3 5 6 8 9
100000000 6 1 3 5 6 8 9
100000000 7 0 1 3 5 6 8 9
100000000 6 2 3 5 6 8 9
100000000 7 0 2 3 5 6 8 9
100000000 7 1 2 3 5 6 8 9
100000000 8 0 1 2 3 5 6 8 9
100000000 5 4 5 6 8 9
100000000 6 0 4 5 6 8 9
100000000 6 1 4 5 6 8 9
100000000 7 0 1 4 5 6 8 9
100000000 6 2 4 5 6 8 9
100000000 7 0 2 4 5 6 8 9
100000000 7 1 2 4 5 6 8 9
100000000 8 0 1 2 4 5 6 8 9
100000000 6 3 4 5 6 8 9
100000000 7 0 3 4 5 6 8 9
100000000 7 1 3 4 5 6 8 9
100000000 8 0 1 3 4 5 6 8 9
100000000 7 2 3 4 5 6 8 9
100000000 8 0 2 3 4 5 6 8 9
100000000 8 1 2 3 4 5 6 8 9
100000000 9 0 1 2 3 4 5 6 8 9
100000000 3 7 8 9
100000000 4 0 7 8 9
100000000 4 1 7 8 9
100000000 5 0 1 7 8 9
100000000 4 2 7 8 9
100000000 5 0 2 7 8 9
100000000 5 1 2 7 8 9
100000000 6 0 1 2 7 8 9
100000000 4 3 7 8 9
100000000 5 0 3 7 8 9
100000000 5 1 3 7 8 9
100000000 6 0 1 3 7 8 9
100000000 5 2 3 7 8 9
100000000 6 0 2 3 7 8 9
100000000 6 1 2 3 7 8 9
100000000 7 0 1 2 3 7 8 9
100000000 4 4 7 8 9
100000000 5 0 4 7 8 9
100000000 5 1 4 7 8 9
100000000 6 0 1 4 7 8 9
100000000 5 2 4 7 8 9
100000000 6 0 2 4 7 8 9
100000000 6 1 2 4 7 8 9
100000000 7 0 1 2 4 7 8 9
100000000 5 3 4 7 8 9
100000000 6 0 3 4 7 8 9
100000000 6 1 3 4 7 8 9
100000000 7 0 1 3 4 7 8 9
100000000 6 2 3 4 7 8 9
100000000 7 0 2 3 4 7 8 9
100000000 7 1 2 3 4 7 8 9
100000000 8 0 1 2 3 4 7 8 9
100000000 4 5 7 8 9
100000000 5 0 5 7 8 9
100000000 5 1 5 7 8 9
100000000 6 0 1 5 7 8 9
100000000 5 2 5 7 8 9
100000000 6 0 2 5 7 8 9
100000000 6 1 2 5 7 8 9
100000000 7 0 1 2 5 7 8 9
100000000 5 3 5 7 8 9
100000000 6 0 3 5 7 8 9
100000000 6 1 3 5 7 8 9
100000000 7 0 1 3 5 7 8 9
100000000 6 2 3 5 7 8 9
100000000 7 0 2 3 5 7 8 9
100000000 7 1 2 3 5 7 8 9
100000000 8 0 1 2 3 5 7 8 9
100000000 5 4 5 7 8 9
100000000 6 0 4 5 7 8 9
100000000 6 1 4 5 7 8 9
100000000 7 0 1 4 5 7 8 9
100000000 6 2 4 5 7 8 9
100000000 7 0 2 4 5 7 8 9
100000000 7 1 2 4 5 7 8 9
100000000 8 0 1 2 4 5 7 8 9
100000000 6 3 4 5 7 8 9
100000000 7 0 3 4 5 7 8 9
100000000 7 1 3 4 5 7 8 9
100000000 8 0 1 3 4 5 7 8 9
100000000 7 2 3 4 5 7 8 9
100000000 8 0 2 3 4 5 7 8 9
100000000 8 1 2 3 4 5 7 8 9
100000000 9 0 1 2 3 4 5 7 8 9
100000000 4 6 7 8 9
100000000 5 0 6 7 8 9
100000000 5 1 6 7 8 9
100000000 6 0 1 6 7 8 9
100000000 5 2 6 7 8 9
100000000 6 0 2 6 7 8 9
100000000 6 1 2 6 7 8 9
100000000 7 0 1 2 6 7 8 9
100000000 5 3 6 7 8 9
100000000 6 0 3 6 7 8 9
100000000 6 1 3 6 7 8 9
100000000 7 0 1 3 6 7 8 9
100000000 6 2 3 6 7 8 9
100000000 7 0 2 3 6 7 8 9
100000000 7 1 2 3 6 7 8 9
100000000 8 0 1 2 3 6 7 8 9
100000000 5 4 6 7 8 9
100000000 6 0 4 6 7 8 9
100000000 6 1 4 6 7 8 9
100000000 7 0 1 4 6 7 8 9
100000000 6 2 4 6 7 8 9
100000000 7 0 2 4 6 7 8 9
100000000 7 1 2 4 6 7 8 9
100000000 8 0 1 2 4 6 7 8 9
100000000 6 3 4 6 7 8 9
100000000 7 0 3 4 6 7 8 9
100000000 7 1 3 4 6 7 8 9
100000000 8 0 1 3 4 6 7 8 9
100000000 7 2 3 4 6 7 8 9
100000000 8 0 2 3 4 6 7 8 9
100000000 8 1 2 3 4 6 7 8 9
100000000 9 0 1 2 3 4 6 7 8 9
100000000 5 5 6 7 8 9
100000000 6 0 5 6 7 8 9
100000000 6 1 5 6 7 8 9
100000000 7 0 1 5 6 7 8 9
100000000 6 2 5 6 7 8 9
100000000 7 0 2 5 6 7 8 9
100000000 7 1 2 5 6 7 8 9
100000000 8 0 1 2 5 6 7 8 9
100000000 6 3 5 6 7 8 9
100000000 7 0 3 5 6 7 8 9
100000000 7 1 3 5 6 7 8 9
100000000 8 0 1 3 5 6 7 8 9
100000000 7 2 3 5 6 7 8 9
100000000 8 0 2 3 5 6 7 8 9
100000000 8 1 2 3 5 6 7 8 9
100000000 9 0 1 2 3 5 6 7 8 9
100000000 6 4 5 6 7 8 9
100000000 7 0 4 5 6 7 8 9
100000000 7 1 4 5 6 7 8 9
100000000 8 0 1 4 5 6 7 8 9
100000000 7 2 4 5 6 7 8 9
100000000 8 0 2 4 5 6 7 8 9
100000000 8 1 2 4 5 6 7 8 9
100000000 9 0 1 2 4 5 6 7 8 9
100000000 7 3 4 5 6 7 8 9
100000000 8 0 3 4 5 6 7 8 9
100000000 8 1 3 4 5 6 7 8 9
100000000 9 0 1 3 4 5 6 7 8 9
100000000 8 2 3 4 5 6 7 8 9
100000000 9 0 2 3 4 5 6 7 8 9
100000000 9 1 2 3 4 5 6 7 8 9
100000000 10 0 1 2 3 4 5 6 7 8 9
