1023
99999999 1 0
99999999 1 1
99999999 2 0 1
99999999 1 2
99999999 2 0 2
99999999 2 1 2
99999999 3 0 1 2
99999999 1 3
99999999 2 0 3
99999999 2 1 3
99999999 3 0 1 3
99999999 2 2 3
99999999 3 0 2 3
99999999 3 1 2 3
99999999 4 0 1 2 3
99999999 1 4
99999999 2 0 4
99999999 2 1 4
99999999 3 0 1 4
99999999 2 2 4
99999999 3 0 2 4
99999999 3 1 2 4
99999999 4 0 1 2 4
99999999 2 3 4
99999999 3 0 3 4
99999999 3 1 3 4
99999999 4 0 1 3 4
99999999 3 2 3 4
99999999 4 0 2 3 4
99999999 4 1 2 3 4
99999999 5 0 1 2 3 4
99999999 1 5
99999999 2 0 5
99999999 2 1 5
99999999 3 0 1 5
99999999 2 2 5
99999999 3 0 2 5
99999999 3 1 2 5
99999999 4 0 1 2 5
99999999 2 3 5
99999999 3 0 3 5
99999999 3 1 3 5
99999999 4 0 1 3 5
99999999 3 2 3 5
99999999 4 0 2 3 5
99999999 4 1 2 3 5
99999999 5 0 1 2 3 5
99999999 2 4 5
99999999 3 0 4 5
99999999 3 1 4 5
99999999 4 0 1 4 5
99999999 3 2 4 5
99999999 4 0 2 4 5
99999999 4 1 2 4 5
99999999 5 0 1 2 4 5
99999999 3 3 4 5
99999999 4 0 3 4 5
99999999 4 1 3 4 5
99999999 5 0 1 3 4 5
99999999 4 2 3 4 5
99999999 5 0 2 3 4 5
99999999 5 1 2 3 4 5
99999999 6 0 1 2 3 4 5
99999999 1 6
99999999 2 0 6
99999999 2 1 6
99999999 3 0 1 6
99999999 2 2 6
99999999 3 0 2 6
99999999 3 1 2 6
99999999 4 0 1 2 6
99999999 2 3 6
99999999 3 0 3 6
99999999 3 1 3 6
99999999 4 0 1 3 6
99999999 3 2 3 6
99999999 4 0 2 3 6
99999999 4 1 2 3 6
99999999 5 0 1 2 3 6
99999999 2 4 6
99999999 3 0 4 6
99999999 3 1 4 6
99999999 4 0 1 4 6
99999999 3 2 4 6
99999999 4 0 2 4 6
99999999 4 1 2 4 6
99999999 5 0 1 2 4 6
99999999 3 3 4 6
99999999 4 0 3 4 6
99999999 4 1 3 4 6
99999999 5 0 1 3 4 6
99999999 4 2 3 4 6
99999999 5 0 2 3 4 6
99999999 5 1 2 3 4 6
99999999 6 0 1 2 3 4 6
99999999 2 5 6
99999999 3 0 5 6
99999999 3 1 5 6
99999999 4 0 1 5 6
99999999 3 2 5 6
99999999 4 0 2 5 6
99999999 4 1 2 5 6
99999999 5 0 1 2 5 6
99999999 3 3 5 6
99999999 4 0 3 5 6
99999999 4 1 3 5 6
99999999 5 0 1 3 5 6
99999999 4 2 3 5 6
99999999 5 0 2 3 5 6
99999999 5 1 2 3 5 6
99999999 6 0 1 2 3 5 6
99999999 3 4 5 6
99999999 4 0 4 5 6
99999999 4 1 4 5 6
99999999 5 0 1 4 5 6
99999999 4 2 4 5 6
99999999 5 0 2 4 5 6
99999999 5 1 2 4 5 6
99999999 6 0 1 2 4 5 6
99999999 4 3 4 5 6
99999999 5 0 3 4 5 6
99999999 5 1 3 4 5 6
99999999 6 0 1 3 4 5 6
99999999 5 2 3 4 5 6
99999999 6 0 2 3 4 5 6
99999999 6 1 2 3 4 5 6
99999999 7 0 1 2 3 4 5 6
99999999 1 7
99999999 2 0 7
99999999 2 1 7
99999999 3 0 1 7
99999999 2 2 7
99999999 3 0 2 7
99999999 3 1 2 7
99999999 4 0 1 2 7
99999999 2 3 7
99999999 3 0 3 7
99999999 3 1 3 7
99999999 4 0 1 3 7
99999999 3 2 3 7
99999999 4 0 2 3 7
99999999 4 1 2 3 7
99999999 5 0 1 2 3 7
99999999 2 4 7
99999999 3 0 4 7
99999999 3 1 4 7
99999999 4 0 1 4 7
99999999 3 2 4 7
99999999 4 0 2 4 7
99999999 4 1 2 4 7
99999999 5 0 1 2 4 7
99999999 3 3 4 7
99999999 4 0 3 4 7
99999999 4 1 3 4 7
99999999 5 0 1 3 4 7
99999999 4 2 3 4 7
99999999 5 0 2 3 4 7
99999999 5 1 2 3 4 7
99999999 6 0 1 2 3 4 7
99999999 2 5 7
99999999 3 0 5 7
99999999 3 1 5 7
99999999 4 0 1 5 7
99999999 3 2 5 7
99999999 4 0 2 5 7
99999999 4 1 2 5 7
99999999 5 0 1 2 5 7
99999999 3 3 5 7
99999999 4 0 3 5 7
99999999 4 1 3 5 7
99999999 5 0 1 3 5 7
99999999 4 2 3 5 7
99999999 5 0 2 3 5 7
99999999 5 1 2 3 5 7
99999999 6 0 1 2 3 5 7
99999999 3 4 5 7
99999999 4 0 4 5 7
99999999 4 1 4 5 7
99999999 5 0 1 4 5 7
99999999 4 2 4 5 7
99999999 5 0 2 4 5 7
99999999 5 1 2 4 5 7
99999999 6 0 1 2 4 5 7
99999999 4 3 4 5 7
99999999 5 0 3 4 5 7
99999999 5 1 3 4 5 7
99999999 6 0 1 3 4 5 7
99999999 5 2 3 4 5 7
99999999 6 0 2 3 4 5 7
99999999 6 1 2 3 4 5 7
99999999 7 0 1 2 3 4 5 7
99999999 2 6 7
99999999 3 0 6 7
99999999 3 1 6 7
99999999 4 0 1 6 7
99999999 3 2 6 7
99999999 4 0 2 6 7
99999999 4 1 2 6 7
99999999 5 0 1 2 6 7
99999999 3 3 6 7
99999999 4 0 3 6 7
99999999 4 1 3 6 7
99999999 5 0 1 3 6 7
99999999 4 2 3 6 7
99999999 5 0 2 3 6 7
99999999 5 1 2 3 6 7
99999999 6 0 1 2 3 6 7
99999999 3 4 6 7
99999999 4 0 4 6 7
99999999 4 1 4 6 7
99999999 5 0 1 4 6 7
99999999 4 2 4 6 7
99999999 5 0 2 4 6 7
99999999 5 1 2 4 6 7
99999999 6 0 1 2 4 6 7
99999999 4 3 4 6 7
99999999 5 0 3 4 6 7
99999999 5 1 3 4 6 7
99999999 6 0 1 3 4 6 7
99999999 5 2 3 4 6 7
99999999 6 0 2 3 4 6 7
99999999 6 1 2 3 4 6 7
99999999 7 0 1 2 3 4 6 7
99999999 3 5 6 7
99999999 4 0 5 6 7
99999999 4 1 5 6 7
99999999 5 0 1 5 6 7
99999999 4 2 5 6 7
99999999 5 0 2 5 6 7
99999999 5 1 2 5 6 7
99999999 6 0 1 2 5 6 7
99999999 4 3 5 6 7
99999999 5 0 3 5 6 7
99999999 5 1 3 5 6 7
99999999 6 0 1 3 5 6 7
99999999 5 2 3 5 6 7
99999999 6 0 2 3 5 6 7
99999999 6 1 2 3 5 6 7
99999999 7 0 1 2 3 5 6 7
99999999 4 4 5 6 7
99999999 5 0 4 5 6 7
99999999 5 1 4 5 6 7
99999999 6 0 1 4 5 6 7
99999999 5 2 4 5 6 7
99999999 6 0 2 4 5 6 7
99999999 6 1 2 4 5 6 7
99999999 7 0 1 2 4 5 6 7
99999999 5 3 4 5 6 7
99999999 6 0 3 4 5 6 7
99999999 6 1 3 4 5 6 7
99999999 7 0 1 3 4 5 6 7
99999999 6 2 3 4 5 6 7
99999999 7 0 2 3 4 5 6 7
99999999 7 1 2 3 4 5 6 7
99999999 8 0 1 2 3 4 5 6 7
99999999 1 8
99999999 2 0 8
99999999 2 1 8
99999999 3 0 1 8
99999999 2 2 8
99999999 3 0 2 8
99999999 3 1 2 8
99999999 4 0 1 2 8
99999999 2 3 8
99999999 3 0 3 8
99999999 3 1 3 8
99999999 4 0 1 3 8
99999999 3 2 3 8
99999999 4 0 2 3 8
99999999 4 1 2 3 8
99999999 5 0 1 2 3 8
99999999 2 4 8
99999999 3 0 4 8
99999999 3 1 4 8
99999999 4 0 1 4 8
99999999 3 2 4 8
99999999 4 0 2 4 8
99999999 4 1 2 4 8
99999999 5 0 1 2 4 8
99999999 3 3 4 8
99999999 4 0 3 4 8
99999999 4 1 3 4 8
99999999 5 0 1 3 4 8
99999999 4 2 3 4 8
99999999 5 0 2 3 4 8
99999999 5 1 2 3 4 8
99999999 6 0 1 2 3 4 8
99999999 2 5 8
99999999 3 0 5 8
99999999 3 1 5 8
99999999 4 0 1 5 8
99999999 3 2 5 8
99999999 4 0 2 5 8
99999999 4 1 2 5 8
99999999 5 0 1 2 5 8
99999999 3 3 5 8
99999999 4 0 3 5 8
99999999 4 1 3 5 8
99999999 5 0 1 3 5 8
99999999 4 2 3 5 8
99999999 5 0 2 3 5 8
99999999 5 1 2 3 5 8
99999999 6 0 1 2 3 5 8
99999999 3 4 5 8
99999999 4 0 4 5 8
99999999 4 1 4 5 8
99999999 5 0 1 4 5 8
99999999 4 2 4 5 8
99999999 5 0 2 4 5 8
99999999 5 1 2 4 5 8
99999999 6 0 1 2 4 5 8
99999999 4 3 4 5 8
99999999 5 0 3 4 5 8
99999999 5 1 3 4 5 8
99999999 6 0 1 3 4 5 8
99999999 5 2 3 4 5 8
99999999 6 0 2 3 4 5 8
99999999 6 1 2 3 4 5 8
99999999 7 0 1 2 3 4 5 8
99999999 2 6 8
99999999 3 0 6 8
99999999 3 1 6 8
99999999 4 0 1 6 8
99999999 3 2 6 8
99999999 4 0 2 6 8
99999999 4 1 2 6 8
99999999 5 0 1 2 6 8
99999999 3 3 6 8
99999999 4 0 3 6 8
99999999 4 1 3 6 8
99999999 5 0 1 3 6 8
99999999 4 2 3 6 8
99999999 5 0 2 3 6 8
99999999 5 1 2 3 6 8
99999999 6 0 1 2 3 6 8
99999999 3 4 6 8
99999999 4 0 4 6 8
99999999 4 1 4 6 8
99999999 5 0 1 4 6 8
99999999 4 2 4 6 8
99999999 5 0 2 4 6 8
99999999 5 1 2 4 6 8
99999999 6 0 1 2 4 6 8
99999999 4 3 4 6 8
99999999 5 0 3 4 6 8
99999999 5 1 3 4 6 8
99999999 6 0 1 3 4 6 8
99999999 5 2 3 4 6 8
99999999 6 0 2 3 4 6 8
99999999 6 1 2 3 4 6 8
99999999 7 0 1 2 3 4 6 8
99999999 3 5 6 8
99999999 4 0 5 6 8
99999999 4 1 5 6 8
99999999 5 0 1 5 6 8
99999999 4 2 5 6 8
99999999 5 0 2 5 6 8
99999999 5 1 2 5 6 8
99999999 6 0 1 2 5 6 8
99999999 4 3 5 6 8
99999999 5 0 3 5 6 8
99999999 5 1 3 5 6 8
99999999 6 0 1 3 5 6 8
99999999 5 2 3 5 6 8
99999999 6 0 2 3 5 6 8
99999999 6 1 2 3 5 6 8
99999999 7 0 1 2 3 5 6 8
99999999 4 4 5 6 8
99999999 5 0 4 5 6 8
99999999 5 1 4 5 6 8
99999999 6 0 1 4 5 6 8
99999999 5 2 4 5 6 8
99999999 6 0 2 4 5 6 8
99999999 6 1 2 4 5 6 8
99999999 7 0 1 2 4 5 6 8
99999999 5 3 4 5 6 8
99999999 6 0 3 4 5 6 8
99999999 6 1 3 4 5 6 8
99999999 7 0 1 3 4 5 6 8
99999999 6 2 3 4 5 6 8
99999999 7 0 2 3 4 5 6 8
99999999 7 1 2 3 4 5 6 8
99999999 8 0 1 2 3 4 5 6 8
99999999 2 7 8
99999999 3 0 7 8
99999999 3 1 7 8
99999999 4 0 1 7 8
99999999 3 2 7 8
99999999 4 0 2 7 8
99999999 4 1 2 7 8
99999999 5 0 1 2 7 8
99999999 3 3 7 8
99999999 4 0 3 7 8
99999999 4 1 3 7 8
99999999 5 0 1 3 7 8
99999999 4 2 3 7 8
99999999 5 0 2 3 7 8
99999999 5 1 2 3 7 8
99999999 6 0 1 2 3 7 8
99999999 3 4 7 8
99999999 4 0 4 7 8
99999999 4 1 4 7 8
99999999 5 0 1 4 7 8
99999999 4 2 4 7 8
99999999 5 0 2 4 7 8
99999999 5 1 2 4 7 8
99999999 6 0 1 2 4 7 8
99999999 4 3 4 7 8
99999999 5 0 3 4 7 8
99999999 5 1 3 4 7 8
99999999 6 0 1 3 4 7 8
99999999 5 2 3 4 7 8
99999999 6 0 2 3 4 7 8
99999999 6 1 2 3 4 7 8
99999999 7 0 1 2 3 4 7 8
99999999 3 5 7 8
99999999 4 0 5 7 8
99999999 4 1 5 7 8
99999999 5 0 1 5 7 8
99999999 4 2 5 7 8
99999999 5 0 2 5 7 8
99999999 5 1 2 5 7 8
99999999 6 0 1 2 5 7 8
99999999 4 3 5 7 8
99999999 5 0 3 5 7 8
99999999 5 1 3 5 7 8
99999999 6 0 1 3 5 7 8
99999999 5 2 3 5 7 8
99999999 6 0 2 3 5 7 8
99999999 6 1 2 3 5 7 8
99999999 7 0 1 2 3 5 7 8
99999999 4 4 5 7 8
99999999 5 0 4 5 7 8
99999999 5 1 4 5 7 8
99999999 6 0 1 4 5 7 8
99999999 5 2 4 5 7 8
99999999 6 0 2 4 5 7 8
99999999 6 1 2 4 5 7 8
99999999 7 0 1 2 4 5 7 8
99999999 5 3 4 5 7 8
99999999 6 0 3 4 5 7 8
99999999 6 1 3 4 5 7 8
99999999 7 0 1 3 4 5 7 8
99999999 6 2 3 4 5 7 8
99999999 7 0 2 3 4 5 7 8
99999999 7 1 2 3 4 5 7 8
99999999 8 0 1 2 3 4 5 7 8
99999999 3 6 7 8
99999999 4 0 6 7 8
99999999 4 1 6 7 8
99999999 5 0 1 6 7 8
99999999 4 2 6 7 8
99999999 5 0 2 6 7 8
99999999 5 1 2 6 7 8
99999999 6 0 1 2 6 7 8
99999999 4 3 6 7 8
99999999 5 0 3 6 7 8
99999999 5 1 3 6 7 8
99999999 6 0 1 3 6 7 8
99999999 5 2 3 6 7 8
99999999 6 0 2 3 6 7 8
99999999 6 1 2 3 6 7 8
99999999 7 0 1 2 3 6 7 8
99999999 4 4 6 7 8
99999999 5 0 4 6 7 8
99999999 5 1 4 6 7 8
99999999 6 0 1 4 6 7 8
99999999 5 2 4 6 7 8
99999999 6 0 2 4 6 7 8
99999999 6 1 2 4 6 7 8
99999999 7 0 1 2 4 6 7 8
99999999 5 3 4 6 7 8
99999999 6 0 3 4 6 7 8
99999999 6 1 3 4 6 7 8
99999999 7 0 1 3 4 6 7 8
99999999 6 2 3 4 6 7 8
99999999 7 0 2 3 4 6 7 8
99999999 7 1 2 3 4 6 7 8
99999999 8 0 1 2 3 4 6 7 8
99999999 4 5 6 7 8
99999999 5 0 5 6 7 8
99999999 5 1 5 6 7 8
99999999 6 0 1 5 6 7 8
99999999 5 2 5 6 7 8
99999999 6 0 2 5 6 7 8
99999999 6 1 2 5 6 7 8
99999999 7 0 1 2 5 6 7 8
99999999 5 3 5 6 7 8
99999999 6 0 3 5 6 7 8
99999999 6 1 3 5 6 7 8
99999999 7 0 1 3 5 6 7 8
99999999 6 2 3 5 6 7 8
99999999 7 0 2 3 5 6 7 8
99999999 7 1 2 3 5 6 7 8
99999999 8 0 1 2 3 5 6 7 8
99999999 5 4 5 6 7 8
99999999 6 0 4 5 6 7 8
99999999 6 1 4 5 6 7 8
99999999 7 0 1 4 5 6 7 8
99999999 6 2 4 5 6 7 8
99999999 7 0 2 4 5 6 7 8
99999999 7 1 2 4 5 6 7 8
99999999 8 0 1 2 4 5 6 7 8
99999999 6 3 4 5 6 7 8
99999999 7 0 3 4 5 6 7 8
99999999 7 1 3 4 5 6 7 8
99999999 8 0 1 3 4 5 6 7 8
99999999 7 2 3 4 5 6 7 8
99999999 8 0 2 3 4 5 6 7 8
99999999 8 1 2 3 4 5 6 7 8
99999999 9 0 1 2 3 4 5 6 7 8
99999999 1 9
99999999 2 0 9
99999999 2 1 9
99999999 3 0 1 9
99999999 2 2 9
99999999 3 0 2 9
99999999 3 1 2 9
99999999 4 0 1 2 9
99999999 2 3 9
99999999 3 0 3 9
99999999 3 1 3 9
99999999 4 0 1 3 9
99999999 3 2 3 9
99999999 4 0 2 3 9
99999999 4 1 2 3 9
99999999 5 0 1 2 3 9
99999999 2 4 9
99999999 3 0 4 9
99999999 3 1 4 9
99999999 4 0 1 4 9
99999999 3 2 4 9
99999999 4 0 2 4 9
99999999 4 1 2 4 9
99999999 5 0 1 2 4 9
99999999 3 3 4 9
99999999 4 0 3 4 9
99999999 4 1 3 4 9
99999999 5 0 1 3 4 9
99999999 4 2 3 4 9
99999999 5 0 2 3 4 9
99999999 5 1 2 3 4 9
99999999 6 0 1 2 3 4 9
99999999 2 5 9
99999999 3 0 5 9
99999999 3 1 5 9
99999999 4 0 1 5 9
99999999 3 2 5 9
99999999 4 0 2 5 9
99999999 4 1 2 5 9
99999999 5 0 1 2 5 9
99999999 3 3 5 9
99999999 4 0 3 5 9
99999999 4 1 3 5 9
99999999 5 0 1 3 5 9
99999999 4 2 3 5 9
99999999 5 0 2 3 5 9
99999999 5 1 2 3 5 9
99999999 6 0 1 2 3 5 9
99999999 3 4 5 9
99999999 4 0 4 5 9
99999999 4 1 4 5 9
99999999 5 0 1 4 5 9
99999999 4 2 4 5 9
99999999 5 0 2 4 5 9
99999999 5 1 2 4 5 9
99999999 6 0 1 2 4 5 9
99999999 4 3 4 5 9
99999999 5 0 3 4 5 9
99999999 5 1 3 4 5 9
99999999 6 0 1 3 4 5 9
99999999 5 2 3 4 5 9
99999999 6 0 2 3 4 5 9
99999999 6 1 2 3 4 5 9
99999999 7 0 1 2 3 4 5 9
99999999 2 6 9
99999999 3 0 6 9
99999999 3 1 6 9
99999999 4 0 1 6 9
99999999 3 2 6 9
99999999 4 0 2 6 9
99999999 4 1 2 6 9
99999999 5 0 1 2 6 9
99999999 3 3 6 9
99999999 4 0 3 6 9
99999999 4 1 3 6 9
99999999 5 0 1 3 6 9
99999999 4 2 3 6 9
99999999 5 0 2 3 6 9
99999999 5 1 2 3 6 9
99999999 6 0 1 2 3 6 9
99999999 3 4 6 9
99999999 4 0 4 6 9
99999999 4 1 4 6 9
99999999 5 0 1 4 6 9
99999999 4 2 4 6 9
99999999 5 0 2 4 6 9
99999999 5 1 2 4 6 9
99999999 6 0 1 2 4 6 9
99999999 4 3 4 6 9
99999999 5 0 3 4 6 9
99999999 5 1 3 4 6 9
99999999 6 0 1 3 4 6 9
99999999 5 2 3 4 6 9
99999999 6 0 2 3 4 6 9
99999999 6 1 2 3 4 6 9
99999999 7 0 1 2 3 4 6 9
99999999 3 5 6 9
99999999 4 0 5 6 9
99999999 4 1 5 6 9
99999999 5 0 1 5 6 9
99999999 4 2 5 6 9
99999999 5 0 2 5 6 9
99999999 5 1 2 5 6 9
99999999 6 0 1 2 5 6 9
99999999 4 3 5 6 9
99999999 5 0 3 5 6 9
99999999 5 1 3 5 6 9
99999999 6 0 1 3 5 6 9
99999999 5 2 3 5 6 9
99999999 6 0 2 3 5 6 9
99999999 6 1 2 3 5 6 9
99999999 7 0 1 2 3 5 6 9
99999999 4 4 5 6 9
99999999 5 0 4 5 6 9
99999999 5 1 4 5 6 9
99999999 6 0 1 4 5 6 9
99999999 5 2 4 5 6 9
99999999 6 0 2 4 5 6 9
99999999 6 1 2 4 5 6 9
99999999 7 0 1 2 4 5 6 9
99999999 5 3 4 5 6 9
99999999 6 0 3 4 5 6 9
99999999 6 1 3 4 5 6 9
99999999 7 0 1 3 4 5 6 9
99999999 6 2 3 4 5 6 9
99999999 7 0 2 3 4 5 6 9
99999999 7 1 2 3 4 5 6 9
99999999 8 0 1 2 3 4 5 6 9
99999999 2 7 9
99999999 3 0 7 9
99999999 3 1 7 9
99999999 4 0 1 7 9
99999999 3 2 7 9
99999999 4 0 2 7 9
99999999 4 1 2 7 9
99999999 5 0 1 2 7 9
99999999 3 3 7 9
99999999 4 0 3 7 9
99999999 4 1 3 7 9
99999999 5 0 1 3 7 9
99999999 4 2 3 7 9
99999999 5 0 2 3 7 9
99999999 5 1 2 3 7 9
99999999 6 0 1 2 3 7 9
99999999 3 4 7 9
99999999 4 0 4 7 9
99999999 4 1 4 7 9
99999999 5 0 1 4 7 9
99999999 4 2 4 7 9
99999999 5 0 2 4 7 9
99999999 5 1 2 4 7 9
99999999 6 0 1 2 4 7 9
99999999 4 3 4 7 9
99999999 5 0 3 4 7 9
99999999 5 1 3 4 7 9
99999999 6 0 1 3 4 7 9
99999999 5 2 3 4 7 9
99999999 6 0 2 3 4 7 9
99999999 6 1 2 3 4 7 9
99999999 7 0 1 2 3 4 7 9
99999999 3 5 7 9
99999999 4 0 5 7 9
99999999 4 1 5 7 9
99999999 5 0 1 5 7 9
99999999 4 2 5 7 9
99999999 5 0 2 5 7 9
99999999 5 1 2 5 7 9
99999999 6 0 1 2 5 7 9
99999999 4 3 5 7 9
99999999 5 0 3 5 7 9
99999999 5 1 3 5 7 9
99999999 6 0 1 3 5 7 9
99999999 5 2 3 5 7 9
99999999 6 0 2 3 5 7 9
99999999 6 1 2 3 5 7 9
99999999 7 0 1 2 3 5 7 9
99999999 4 4 5 7 9
99999999 5 0 4 5 7 9
99999999 5 1 4 5 7 9
99999999 6 0 1 4 5 7 9
99999999 5 2 4 5 7 9
99999999 6 0 2 4 5 7 9
99999999 6 1 2 4 5 7 9
99999999 7 0 1 2 4 5 7 9
99999999 5 3 4 5 7 9
99999999 6 0 3 4 5 7 9
99999999 6 1 3 4 5 7 9
99999999 7 0 1 3 4 5 7 9
99999999 6 2 3 4 5 7 9
99999999 7 0 2 3 4 5 7 9
99999999 7 1 2 3 4 5 7 9
99999999 8 0 1 2 3 4 5 7 9
99999999 3 6 7 9
99999999 4 0 6 7 9
99999999 4 1 6 7 9
99999999 5 0 1 6 7 9
99999999 4 2 6 7 9
99999999 5 0 2 6 7 9
99999999 5 1 2 6 7 9
99999999 6 0 1 2 6 7 9
99999999 4 3 6 7 9
99999999 5 0 3 6 7 9
99999999 5 1 3 6 7 9
99999999 6 0 1 3 6 7 9
99999999 5 2 3 6 7 9
99999999 6 0 2 3 6 7 9
99999999 6 1 2 3 6 7 9
99999999 7 0 1 2 3 6 7 9
99999999 4 4 6 7 9
99999999 5 0 4 6 7 9
99999999 5 1 4 6 7 9
99999999 6 0 1 4 6 7 9
99999999 5 2 4 6 7 9
99999999 6 0 2 4 6 7 9
99999999 6 1 2 4 6 7 9
99999999 7 0 1 2 4 6 7 9
99999999 5 3 4 6 7 9
99999999 6 0 3 4 6 7 9
99999999 6 1 3 4 6 7 9
99999999 7 0 1 3 4 6 7 9
99999999 6 2 3 4 6 7 9
99999999 7 0 2 3 4 6 7 9
99999999 7 1 2 3 4 6 7 9
99999999 8 0 1 2 3 4 6 7 9
99999999 4 5 6 7 9
99999999 5 0 5 6 7 9
99999999 5 1 5 6 7 9
99999999 6 0 1 5 6 7 9
99999999 5 2 5 6 7 9
99999999 6 0 2 5 6 7 9
99999999 6 1 2 5 6 7 9
99999999 7 0 1 2 5 6 7 9
99999999 5 3 5 6 7 9
99999999 6 0 3 5 6 7 9
99999999 6 1 3 5 6 7 9
99999999 7 0 1 3 5 6 7 9
99999999 6 2 3 5 6 7 9
99999999 7 0 2 3 5 6 7 9
99999999 7 1 2 3 5 6 7 9
99999999 8 0 1 2 3 5 6 7 9
99999999 5 4 5 6 7 9
99999999 6 0 4 5 6 7 9
99999999 6 1 4 5 6 7 9
99999999 7 0 1 4 5 6 7 9
99999999 6 2 4 5 6 7 9
99999999 7 0 2 4 5 6 7 9
99999999 7 1 2 4 5 6 7 9
99999999 8 0 1 2 4 5 6 7 9
99999999 6 3 4 5 6 7 9
99999999 7 0 3 4 5 6 7 9
99999999 7 1 3 4 5 6 7 9
99999999 8 0 1 3 4 5 6 7 9
99999999 7 2 3 4 5 6 7 9
99999999 8 0 2 3 4 5 6 7 9
99999999 8 1 2 3 4 5 6 7 9
99999999 9 0 1 2 3 4 5 6 7 9
99999999 2 8 9
99999999 3 0 8 9
99999999 3 1 8 9
99999999 4 0 1 8 9
99999999 3 2 8 9
99999999 4 0 2 8 9
99999999 4 1 2 8 9
99999999 5 0 1 2 8 9
99999999 3 3 8 9
99999999 4 0 3 8 9
99999999 4 1 3 8 9
99999999 5 0 1 3 8 9
99999999 4 2 3 8 9
99999999 5 0 2 3 8 9
99999999 5 1 2 3 8 9
99999999 6 0 1 2 3 8 9
99999999 3 4 8 9
99999999 4 0 4 8 9
99999999 4 1 4 8 9
99999999 5 0 1 4 8 9
99999999 4 2 4 8 9
99999999 5 0 2 4 8 9
99999999 5 1 2 4 8 9
99999999 6 0 1 2 4 8 9
99999999 4 3 4 8 9
99999999 5 0 3 4 8 9
99999999 5 1 3 4 8 9
99999999 6 0 1 3 4 8 9
99999999 5 2 3 4 8 9
99999999 6 0 2 3 4 8 9
99999999 6 1 2 3 4 8 9
99999999 7 0 1 2 3 4 8 9
99999999 3 5 8 9
99999999 4 0 5 8 9
99999999 4 1 5 8 9
99999999 5 0 1 5 8 9
99999999 4 2 5 8 9
99999999 5 0 2 5 8 9
99999999 5 1 2 5 8 9
99999999 6 0 1 2 5 8 9
99999999 4 3 5 8 9
99999999 5 0 3 5 8 9
99999999 5 1 3 5 8 9
99999999 6 0 1 3 5 8 9
99999999 5 2 3 5 8 9
99999999 6 0 2 3 5 8 9
99999999 6 1 2 3 5 8 9
99999999 7 0 1 2 3 5 8 9
99999999 4 4 5 8 9
99999999 5 0 4 5 8 9
99999999 5 1 4 5 8 9
99999999 6 0 1 4 5 8 9
99999999 5 2 4 5 8 9
99999999 6 0 2 4 5 8 9
99999999 6 1 2 4 5 8 9
99999999 7 0 1 2 4 5 8 9
99999999 5 3 4 5 8 9
99999999 6 0 3 4 5 8 9
99999999 6 1 3 4 5 8 9
99999999 7 0 1 3 4 5 8 9
99999999 6 2 3 4 5 8 9
99999999 7 0 2 3 4 5 8 9
99999999 7 1 2 3 4 5 8 9
99999999 8 0 1 2 3 4 5 8 9
99999999 3 6 8 9
99999999 4 0 6 8 9
99999999 4 1 6 8 9
99999999 5 0 1 6 8 9
99999999 4 2 6 8 9
99999999 5 0 2 6 8 9
99999999 5 1 2 6 8 9
99999999 6 0 1 2 6 8 9
99999999 4 3 6 8 9
99999999 5 0 3 6 8 9
99999999 5 1 3 6 8 9
99999999 6 0 1 3 6 8 9
99999999 5 2 3 6 8 9
99999999 6 0 2 3 6 8 9
99999999 6 1 2 3 6 8 9
99999999 7 0 1 2 3 6 8 9
99999999 4 4 6 8 9
99999999 5 0 4 6 8 9
99999999 5 1 4 6 8 9
99999999 6 0 1 4 6 8 9
99999999 5 2 4 6 8 9
99999999 6 0 2 4 6 8 9
99999999 6 1 2 4 6 8 9
99999999 7 0 1 2 4 6 8 9
99999999 5 3 4 6 8 9
99999999 6 0 3 4 6 8 9
99999999 6 1 3 4 6 8 9
99999999 7 0 1 3 4 6 8 9
99999999 6 2 3 4 6 8 9
99999999 7 0 2 3 4 6 8 9
99999999 7 1 2 3 4 6 8 9
99999999 8 0 1 2 3 4 6 8 9
99999999 4 5 6 8 9
99999999 5 0 5 6 8 9
99999999 5 1 5 6 8 9
99999999 6 0 1 5 6 8 9
99999999 5 2 5 6 8 9
99999999 6 0 2 5 6 8 9
99999999 6 1 2 5 6 8 9
99999999 7 0 1 2 5 6 8 9
99999999 5 3 5 6 8 9
99999999 6 0 3 5 6 8 9
99999999 6 1 3 5 6 8 9
99999999 7 0 1 3 5 6 8 9
99999999 6 2 3 5 6 8 9
99999999 7 0 2 3 5 6 8 9
99999999 7 1 2 3 5 6 8 9
99999999 8 0 1 2 3 5 6 8 9
99999999 5 4 5 6 8 9
99999999 6 0 4 5 6 8 9
99999999 6 1 4 5 6 8 9
99999999 7 0 1 4 5 6 8 9
99999999 6 2 4 5 6 8 9
99999999 7 0 2 4 5 6 8 9
99999999 7 1 2 4 5 6 8 9
99999999 8 0 1 2 4 5 6 8 9
99999999 6 3 4 5 6 8 9
99999999 7 0 3 4 5 6 8 9
99999999 7 1 3 4 5 6 8 9
99999999 8 0 1 3 4 5 6 8 9
99999999 7 2 3 4 5 6 8 9
99999999 8 0 2 3 4 5 6 8 9
99999999 8 1 2 3 4 5 6 8 9
99999999 9 0 1 2 3 4 5 6 8 9
99999999 3 7 8 9
99999999 4 0 7 8 9
99999999 4 1 7 8 9
99999999 5 0 1 7 8 9
99999999 4 2 7 8 9
99999999 5 0 2 7 8 9
99999999 5 1 2 7 8 9
99999999 6 0 1 2 7 8 9
99999999 4 3 7 8 9
99999999 5 0 3 7 8 9
99999999 5 1 3 7 8 9
99999999 6 0 1 3 7 8 9
99999999 5 2 3 7 8 9
99999999 6 0 2 3 7 8 9
99999999 6 1 2 3 7 8 9
99999999 7 0 1 2 3 7 8 9
99999999 4 4 7 8 9
99999999 5 0 4 7 8 9
99999999 5 1 4 7 8 9
99999999 6 0 1 4 7 8 9
99999999 5 2 4 7 8 9
99999999 6 0 2 4 7 8 9
99999999 6 1 2 4 7 8 9
99999999 7 0 1 2 4 7 8 9
99999999 5 3 4 7 8 9
99999999 6 0 3 4 7 8 9
99999999 6 1 3 4 7 8 9
99999999 7 0 1 3 4 7 8 9
99999999 6 2 3 4 7 8 9
99999999 7 0 2 3 4 7 8 9
99999999 7 1 2 3 4 7 8 9
99999999 8 0 1 2 3 4 7 8 9
99999999 4 5 7 8 9
99999999 5 0 5 7 8 9
99999999 5 1 5 7 8 9
99999999 6 0 1 5 7 8 9
99999999 5 2 5 7 8 9
99999999 6 0 2 5 7 8 9
99999999 6 1 2 5 7 8 9
99999999 7 0 1 2 5 7 8 9
99999999 5 3 5 7 8 9
99999999 6 0 3 5 7 8 9
99999999 6 1 3 5 7 8 9
99999999 7 0 1 3 5 7 8 9
99999999 6 2 3 5 7 8 9
99999999 7 0 2 3 5 7 8 9
99999999 7 1 2 3 5 7 8 9
99999999 8 0 1 2 3 5 7 8 9
99999999 5 4 5 7 8 9
99999999 6 0 4 5 7 8 9
99999999 6 1 4 5 7 8 9
99999999 7 0 1 4 5 7 8 9
99999999 6 2 4 5 7 8 9
99999999 7 0 2 4 5 7 8 9
99999999 7 1 2 4 5 7 8 9
99999999 8 0 1 2 4 5 7 8 9
99999999 6 3 4 5 7 8 9
99999999 7 0 3 4 5 7 8 9
99999999 7 1 3 4 5 7 8 9
99999999 8 0 1 3 4 5 7 8 9
99999999 7 2 3 4 5 7 8 9
99999999 8 0 2 3 4 5 7 8 9
99999999 8 1 2 3 4 5 7 8 9
99999999 9 0 1 2 3 4 5 7 8 9
99999999 4 6 7 8 9
99999999 5 0 6 7 8 9
99999999 5 1 6 7 8 9
99999999 6 0 1 6 7 8 9
99999999 5 2 6 7 8 9
99999999 6 0 2 6 7 8 9
99999999 6 1 2 6 7 8 9
99999999 7 0 1 2 6 7 8 9
99999999 5 3 6 7 8 9
99999999 6 0 3 6 7 8 9
99999999 6 1 3 6 7 8 9
99999999 7 0 1 3 6 7 8 9
99999999 6 2 3 6 7 8 9
99999999 7 0 2 3 6 7 8 9
99999999 7 1 2 3 6 7 8 9
99999999 8 0 1 2 3 6 7 8 9
99999999 5 4 6 7 8 9
99999999 6 0 4 6 7 8 9
99999999 6 1 4 6 7 8 9
99999999 7 0 1 4 6 7 8 9
99999999 6 2 4 6 7 8 9
99999999 7 0 2 4 6 7 8 9
99999999 7 1 2 4 6 7 8 9
99999999 8 0 1 2 4 6 7 8 9
99999999 6 3 4 6 7 8 9
99999999 7 0 3 4 6 7 8 9
99999999 7 1 3 4 6 7 8 9
99999999 8 0 1 3 4 6 7 8 9
99999999 7 2 3 4 6 7 8 9
99999999 8 0 2 3 4 6 7 8 9
99999999 8 1 2 3 4 6 7 8 9
99999999 9 0 1 2 3 4 6 7 8 9
99999999 5 5 6 7 8 9
99999999 6 0 5 6 7 8 9
99999999 6 1 5 6 7 8 9
99999999 7 0 1 5 6 7 8 9
99999999 6 2 5 6 7 8 9
99999999 7 0 2 5 6 7 8 9
99999999 7 1 2 5 6 7 8 9
99999999 8 0 1 2 5 6 7 8 9
99999999 6 3 5 6 7 8 9
99999999 7 0 3 5 6 7 8 9
99999999 7 1 3 5 6 7 8 9
99999999 8 0 1 3 5 6 7 8 9
99999999 7 2 3 5 6 7 8 9
99999999 8 0 2 3 5 6 7 8 9
99999999 8 1 2 3 5 6 7 8 9
99999999 9 0 1 2 3 5 6 7 8 9
99999999 6 4 5 6 7 8 9
99999999 7 0 4 5 6 7 8 9
99999999 7 1 4 5 6 7 8 9
99999999 8 0 1 4 5 6 7 8 9
99999999 7 2 4 5 6 7 8 9
99999999 8 0 2 4 5 6 7 8 9
99999999 8 1 2 4 5 6 7 8 9
99999999 9 0 1 2 4 5 6 7 8 9
99999999 7 3 4 5 6 7 8 9
99999999 8 0 3 4 5 6 7 8 9
99999999 8 1 3 4 5 6 7 8 9
99999999 9 0 1 3 4 5 6 7 8 9
99999999 8 2 3 4 5 6 7 8 9
99999999 9 0 2 3 4 5 6 7 8 9
99999999 9 1 2 3 4 5 6 7 8 9
99999999 10 0 1 2 3 4 5 6 7 8 9
