1
2
3
4
5
6
7
8
9
10
11
12
13
14
15
16
17
18
19
20
21
22
23
24
25
26
27
28
29
30
31
32
33
34
35
36
37
38
39
40
41
42
43
44
45
46
47
48
49
50
51
52
53
54
55
56
57
58
59
60
61
62
63
64
65
66
67
68
69
70
71
72
73
74
75
76
77
78
79
80
81
82
83
84
85
86
87
88
89
90
91
92
93
94
95
96
97
98
99
100
50579784
19642646
520966684
294925367
420490264
119944649
752537783
919130830
900961696
168580537
43701124
426451062
608686155
1541546
456662635
55115068
905352088
675995158
57539746
798813989
654124186
357011879
924085559
172116645
199935608
76833214
140233099
520287015
115342062
37591279
883292116
315528585
80646858
974885252
96871322
177761948
45911663
319501815
994231867
513021864
453037654
976460152
999554920
360194790
444830600
943983212
224509349
666667012
503304229
877572331
415905485
182214821
927090657
50672449
815378572
76739806
443154561
40099949
596678883
102700986
321356387
586245799
362868392
260133815
33450227
989201362
556661251
448522055
562152246
164220430
5068018
252842320
328877123
84473384
40663492
11592619
918537157
326243879
798350755
502309289
54333050
338134466
899974403
646617226
812615351
770473700
93401140
317100036
570758370
644190767
984318422
89306306
490727415
22768502
796242271
685674210
103876100
670459458
518210455
480116342
620702892
402747982
228168476
652445700
857702823
455755786
993077470
814149894
815502145
104918300
460580004
136293483
21932247
7702746
396195205
759731988
304407389
312215761
396010096
601719896
106737114
47139648
323805861
255662720
751336938
498521503
734316089
361234251
24025658
163218706
210153110
182408299
483683601
173135607
348673785
614990854
758206659
221850461
145861874
885611831
532182076
626037641
178026728
753533066
332675450
299443827
475256466
699767939
6772241
230008135
676756863
102234648
185644458
648802277
320067983
914282803
694212221
480463201
338555767
739974449
841268699
149220484
397945153
2083173
950134438
224129097
662255306
654298517
359578582
198573153
472354370
733094524
1691381
625069488
380502191
854570567
376314533
15796941
23639659
108112152
765968150
467134598
426014625
674552198
331372176
533372506
67533523
767017243
447300591
46181117
307314520
591012052
287575329
773056727
236478935
922713508
134691754
767488645
927697101
747302130
527994144
664721239
187976461
400732439
473002927
447979472
961192506
550512097
79423127
643768873
612066126
236780818
112525993
430122702
744752919
416631521
604797646
174480608
49936563
126345848
675403904
883891889
802091036
293896820
631770190
568821324
491144856
169759081
983912029
404410858
367059780
334015068
518967010
288692349
192323987
469383494
953038504
977751593
202458056
489416600
979236752
985766086
53242749
727128241
113962252
62387296
49701407
110671465
529812643
656353207
361640304
915312010
432694896
923732159
373689348
765065810
458241443
755011873
316802501
874243315
538624255
420463288
886578287
465145363
124832602
423156757
848236564
983083852
690672672
412867836
144804761
782422956
854845392
381246180
991665463
683686966
227065982
917874043
515538683
2049119
167261775
378878752
707637063
225235602
383975424
780143975
257415503
236585133
35780958
939464088
478973340
261658754
671675856
490584368
634473100
580771927
748588234
810122846
907957456
375306086
619183704
709955720
144498669
3749980
169742744
853939396
166233788
821651423
445579071
792481375
558928874
872996098
114876947
426283865
34839161
52901838
657225583
530714855
77848125
698731973
948744131
193126384
132418655
389319766
571379473
826632593
443335645
657762664
35216753
654777241
734195208
837537238
61122446
67628301
94496517
190925804
997986087
669528741
221541965
245423086
226290575
166478668
207165229
821405842
433371694
272198820
48206150
489597825
843407101
789952385
70194957
383539675
392246541
271285353
42692685
630202544
36840704
29739035
608837281
136262023
461358992
772935684
152934907
803184346
23541763
442480331
424707872
65652888
581876413
778035399
43907625
743938210
636684207
56957059
24362755
629509967
646801632
751936
842133999
458366953
70500074
561636724
711583747
207478061
98159999
244922180
438298535
894105038
182663136
459213070
889827609
66879731
745674085
369784801
600790761
316316341
681541625
33059331
28253309
739037345
995471003
518753130
130408592
347954748
59839966
944218691
37749164
542685562
815945833
11962733
900324019
198012742
929564535
460275456
237255002
550162429
261501784
795581632
11015850
553937907
955370479
716316842
508236163
963469292
143708466
261042032
829842195
31631267
42076588
796058355
187493215
711687240
554714368
841834190
441137090
846376187
636983388
624096460
811537768
269389650
464696073
316184941
317204946
557771224
548515043
563456101
345529173
180546186
540500185
994310429
915605915
593273692
395857261
12810543
296687137
655447731
595313974
725734127
129219768
845550569
354053985
929926622
16740867
94675916
259987500
12830516
399461888
269927710
751227241
650601567
225472631
55064855
727704321
534630781
797769100
776445919
592120686
411944420
124163124
551920917
56365120
448878747
917655735
385121354
376872602
23632606
550851890
730344838
282262450
432062112
472326680
339128770
624428372
243906305
724680364
609869677
574751327
55570651
39217031
407480040
396182342
967083322
991119642
681877257
55087760
603977694
288830498
629662107
114619737
83295164
271542837
433338332
614808527
377685883
171959357
912987902
86892982
960575991
29514485
91384999
70631140
732761794
74486131
630111089
102074310
157770397
278108567
220792683
351870425
309348355
709963932
363598486
102510642
980134815
988288400
247753065
655207414
71565008
495446995
429866829
854523107
191917613
949101466
204282657
263331269
388665852
517649007
476140471
324860161
498611897
954702766
326065237
289708302
296165269
909166857
151871798
794011895
480630003
106902277
649344007
54805723
650541293
445634940
853379178
937630317
633039821
781159449
608600182
978278772
874168469
438207199
26361651
792261708
815497592
707708578
781289251
807612515
626476126
35940748
58086070
279152316
923307876
85200793
337577169
731927663
474844505
117851931
22221647
949082920
484807234
104149303
932855167
683905444
418475991
743209574
981387427
210912311
406067717
396927734
936152176
11273545
559160170
748394374
584241040
592670164
420993499
782604685
396456995
295218663
698919649
565966804
105575481
748875046
835860536
864163575
639807066
652737352
10938958
747784680
822084094
426791064
53187786
699759212
645610517
555179636
563173635
489071004
388912001
63516625
242633349
399806565
938866071
499505589
137024912
446597129
26548385
383597499
159734680
798433948
39931998
531763347
750719430
188812167
528373890
922373759
448062837
903022600
135881008
918247384
35827894
14288303
448011650
697203591
384319180
712979684
972523529
668910988
424059057
180297053
328034628
26072441
622973327
816990888
862053420
356237560
155069256
164098727
518214312
829943874
646163182
916596749
943878681
638587558
389743948
743740134
699457488
524913928
508595035
497416461
413328787
784004190
512810702
743216820
554669596
546082357
434861703
573818592
414136729
414851370
951153439
850820073
440076845
944772466
416662370
65144830
414236781
179135827
623810768
68971423
982413284
985816488
884157470
761770018
24668559
273788512
834425267
311868464
528624227
892422912
155573803
479903813
375374787
42375965
573332183
297475378
112352266
369851106
477039163
175265438
155298055
793381776
410041487
850037633
903411323
350213113
104035391
319012520
914567836
29044996
16912489
571273012
584075926
442275373
414417767
495354139
588207877
706190850
618791739
732362149
462592124
676391591
137613860
72479728
535806977
96392786
33142545
576692588
775659406
27947983
320126504
20971615
844066450
120479486
824518976
138304100
285519470
309845328
702150756
68999908
997761785
503664205
271051862
912817572
172569340
401075217
388338953
815833398
550900918
520215499
961406501
86306181
411224666
138972733
666540935
107670094
871558796
738390079
23752126
869933474
441209063
990473019
310056591
856508517
444097146
470169010
460268914
286209746
912290375
280458166
543794195
194916596
909195714
590030702
7310034
577371951
60373336
453144981
346588484
810833589
218686693
984588795
396232368
212931089
821141565
79173634
343584402
881211808
822643620
150139683
508362011
3183121
763633750
969380711
256038831
111785710
677125376
158525934
267279718
180236043
277529156
255793515
646056843
408295704
357359417
885876389
236237344
733073941
23113193
726497528
366786648
104998871
507936722
683829970
141799708
267063688
528464485
759179831
454311815
4405284
366093194
271526206
618417001
265408254
713227801
361193105
504038856
827374649
580613731
185767409
658652506
317428048
707059367
766480559
415499021
662754190
661371805
378271284
431431295
937399446
373235951
812160122
63408261
7311579
724491707
886632593
879653289
14225449
53653266
830514971
673628837
994245661
15629948
358063312
96023785
630110373
870914674
98991867
863331610
211926664
802490083
15485434
436957584
657943519
768427951
732421059
869211863
448599704
455980847
738590810
603376687
211002611
886366891
838047324
366491661
994866693
711079650
177417591
606966936
535435832
158956677
