100
0 1
1 2
2 3
0 4
3 5
0 6
6 7
7 8
1 9
3 10
10 11
2 12
7 13
8 14
1 15
12 16
7 17
11 18
4 19
3 20
13 21
17 22
0 23
15 24
2 25
1 26
8 27
20 28
12 29
14 30
5 31
24 32
28 33
4 34
26 35
9 36
4 37
28 38
4 39
0 40
12 41
6 42
29 43
8 44
19 45
8 46
23 47
22 48
24 49
44 50
7 51
29 52
30 53
22 54
35 55
46 56
22 57
43 58
25 59
16 60
22 61
48 62
3 63
21 64
38 65
37 66
59 67
34 68
39 69
63 70
16 71
40 72
9 73
34 74
30 75
23 76
66 77
6 78
30 79
63 80
5 81
15 82
51 83
53 84
28 85
30 86
64 87
51 88
54 89
51 90
84 91
18 92
71 93
58 94
14 95
85 96
1 97
11 98
13 99
100
Q 53
Q 89
Q 21
A 50 30 10154
A 61 3 52521
Q 47
A 10 34 80911
Q 40
A 75 40 84918
Q 34
Q 61
Q 60
A 91 66 88242
Q 30
A 9 45 29282
A 47 62 39217
Q 13
A 98 85 90574
Q 35
Q 42
Q 51
A 7 17 34372
A 5 32 65041
A 23 68 69822
A 50 12 20880
A 21 82 27345
A 2 56 5128
Q 85
Q 88
A 35 30 44663
A 82 37 87173
A 73 61 92256
Q 4
Q 16
A 59 77 266
A 82 60 71214
A 90 29 85636
A 8 36 99529
Q 1
Q 27
Q 94
A 89 80 30751
Q 54
Q 4
A 32 43 59778
A 93 30 20603
Q 95
A 48 79 39654
A 20 8 96108
A 63 53 95382
Q 13
A 44 90 93258
A 53 47 31604
A 99 13 48238
A 43 61 22049
A 54 12 24880
A 54 57 94166
A 73 91 13
Q 86
Q 56
A 45 81 79852
Q 52
A 45 92 84968
Q 26
A 48 74 46387
A 48 21 5476
Q 27
A 79 76 56109
A 69 91 63376
A 45 72 89206
A 52 37 1814
A 93 12 59078
Q 75
A 13 4 48098
A 90 96 30028
Q 35
Q 28
Q 12
Q 72
A 1 16 18966
A 64 0 39124
Q 59
Q 38
A 62 20 20475
A 0 28 21305
Q 47
A 75 68 41220
A 14 80 77223
A 67 55 62180
A 62 40 36941
Q 71
A 71 35 48320
Q 73
A 25 89 11923
A 86 97 11819
Q 78
Q 5
A 84 60 19731
A 67 19 74664
A 80 75 1303
