100
0 1
1 2
0 3
3 4
4 5
0 6
1 7
0 8
4 9
5 10
1 11
1 12
6 13
9 14
5 15
9 16
7 17
0 18
12 19
17 20
8 21
16 22
21 23
7 24
6 25
5 26
22 27
13 28
11 29
9 30
3 31
3 32
13 33
0 34
25 35
6 36
29 37
24 38
20 39
16 40
38 41
16 42
22 43
27 44
36 45
11 46
27 47
12 48
27 49
45 50
35 51
26 52
5 53
26 54
41 55
10 56
46 57
50 58
10 59
12 60
40 61
41 62
20 63
40 64
32 65
17 66
36 67
58 68
12 69
59 70
43 71
63 72
44 73
15 74
4 75
61 76
74 77
36 78
14 79
68 80
33 81
67 82
20 83
70 84
16 85
15 86
29 87
19 88
73 89
82 90
18 91
65 92
71 93
51 94
74 95
49 96
50 97
0 98
82 99
100
Q 55
A 35 94 41469
A 16 94 73266
A 29 79 84269
Q 90
A 16 21 71205
Q 44
A 48 65 89853
Q 43
Q 29
Q 66
A 3 42 83115
Q 36
Q 59
Q 62
A 60 41 85021
Q 29
Q 40
A 64 38 63815
A 71 19 90048
A 47 94 58362
A 55 53 30022
A 35 49 89964
Q 90
Q 4
Q 72
A 30 35 52431
Q 23
A 54 68 2909
A 52 47 77897
Q 87
Q 1
Q 46
A 46 32 33234
A 63 5 98700
A 22 90 35107
Q 34
A 5 11 91622
Q 21
A 96 13 3833
A 19 32 45587
A 35 98 36100
A 15 15 96210
Q 78
Q 71
Q 93
Q 92
Q 81
A 75 76 46798
A 43 52 45042
Q 47
A 33 96 57598
Q 68
Q 53
A 70 41 6835
Q 34
A 59 5 22783
A 87 45 6216
A 16 8 57496
Q 21
Q 26
Q 60
A 61 31 90043
Q 97
Q 9
A 4 1 79119
A 49 8 87647
Q 65
A 96 59 53695
Q 27
Q 50
A 30 77 30239
Q 4
A 12 98 28018
Q 35
A 97 98 98657
A 21 26 15601
Q 88
A 41 3 78314
Q 95
A 2 63 46407
A 26 37 36794
A 11 25 48685
Q 13
Q 88
Q 58
Q 67
Q 97
Q 35
A 12 21 80639
A 47 93 14611
Q 72
Q 62
Q 23
Q 59
Q 48
Q 22
A 78 42 89591
A 24 46 76260
Q 3
