100
1000000000000000000
946901265727632148
728319974479053999
829171674486935704
733368885628866221
594359380797833728
549143895190130042
874462756201481770
561764946370075470
557969659514592575
656806404843866288
347558105477353478
981408182774798798
317288712666743015
98205503110437023
99178151857710571
719247896359888933
636259062443038414
165710665516323920
654237449863030932
130461521279793571
887524651252620108
627404915544841067
365963448741762223
508467029533748540
138789825716411249
741565568099343662
927091637177187689
585122912414313878
420709485763143720
545575894768421068
233746089939317567
969163335525178796
271992542422491226
914961195215183667
313704723510927015
399480351935876676
423820353202836039
290674653655224428
285016364505962734
449679928581893004
318801412656522256
862112595843272095
658056926551717600
23844279011742883
616611299741014862
472862841908490883
521756595711015928
648634303187624081
269556314656811180
941383894731221392
517127441854000127
735745182448796557
774224441184560725
730984899563788365
230149360899380271
858258883639719256
125423304237462583
103620743789942079
844849448591387278
797721164663868120
852862378536990191
914365054271049679
28418150332654394
985834680063981914
945263813791722031
386130906972043712
356060904385609570
404639134536600536
848288768237534328
738118233223787330
243130103370040606
960523427343657155
762146762841881068
516028207515968253
936112189915773342
89494365145244616
882217077489051625
86203581252569712
702710402348344340
460514893201658036
734386179548693541
469993698408234488
640951973786420506
818722807393202734
312579748614760372
809849289922936936
451331664453804110
420138483111247304
110678665620023880
752510225859480413
185228731892439728
148501314642587304
14938515215511288
237509642327938705
728826022844245030
530073659899467965
798709437975729788
191276172991384573
105295802949101604
