100
761423221685752061
427793198650252052
452046065206184963
420973726520052016
335998182660380125
520841439880877852
345208495209255333
289052078158612425
295205200395201819
520825205549125083
544161635205203520
520150364929344059
293077873038252037
264070340053106752
849207060705205673
671554520026061520
770895203074783710
677191627276513995
785832520411595105
103155221745208236
905341520048592541
533245201295200852
452029314820559328
55208520801322270
520182801845208609
652045205861551964
356615204462682551
343684739800880514
520891351425205205
52014520755509520
726952038103384801
978952052041566666
168827715202604946
998385206986623826
527675208781609589
555201558405472149
552074734088152325
59452063520520490
544452025042127520
839446520985660752
126054679347881638
109249157334220127
708183520036202841
552056630088230650
951902831435201045
407590515202098520
252005208787307645
496082740760129520
639520455203823948
315205520970261762
909354272672201175
783112575206216115
68011953652031534
229051835206852086
878095652095200013
571476823027885971
266330081381698013
252025052520672520
181856592652321228
233952072520330484
151520039589652052
152078578852042384
122155389284275840
98357904874023545
897716520505201326
935203352013520569
343520927217520652
560852081575792372
155204138509213352
818728923028255520
534232520949252049
933252083402015202
23168752072879592
169303730435202315
109752030815171794
361680865205710285
878989791955208969
890140734945689899
520735006515208272
734156417052040610
598952054952522308
754152052001228546
291556520790520231
43520525777440415
628052098049682847
364520522010387335
520810325052032263
752045035202978011
196792520756520824
307352007364675204
520520152441346887
910977451678393139
752175310005007864
369420520452043695
977893052056397520
722703609896402903
520884145730277702
331552083051025104
213924154066852013
255205202520520328
