100
520520520520520520
520520520752052095
520152052095205208
385205205205209520
135205205520520520
601520520520520655
352052052055205205
752085203520520520
520520880852052075
520652052083520520
68520152052052052
252052052052045205
520520762520520955
752052052022520520
952052052035205205
452052015206520520
520520520520452052
652052035205205204
520520520520052052
352052045205205205
520520520352052052
520452052052052052
520520520520052052
520520052052025205
52052052052052005
520052052075205205
52052035665205205
955209520520265205
520520520520520520
352052045207452052
520520252035205206
952005205205205205
752095205205206175
520520520520520520
425209520315204520
520520520520652052
520752052005205203
520520828520520520
520520520852052052
520452052052055205
552065205206520520
520520520520520052
520520520952052052
520352052052052052
520520852095205205
520520755205205205
520520052052052083
520152035207520352
552066652066752052
652052052052085208
520520520520520520
520520852052065205
952028520520252052
520520520520520052
520520152052052055
520767835206520520
520252052052052046
520520520520520952
452095200520221552
520412520520520520
520520520652005205
520052015202520520
520520175202375208
735203520452025205
520520205202520520
375205852052052017
520852052052082520
520520520520520520
520405205205205205
75520952052052052
852052052095208952
652052052052003352
520076520520052012
520865205203520952
752052052052052052
520625205205205352
952035452052052027
520520952052052052
520215205205205206
520252052070652052
520520520520520520
520520152083685205
865205205208520752
520520520520520520
352002520520520520
520520445205205205
952080152052052052
520520625205205202
520520452035205207
520520520520520520
520052095205209520
520252045209520520
520520520952052052
520520752052052052
520520520520520520
152052052055205205
520852045201052033
520452005202520355
520752089752071655
215205209520520752
