100
521655205525252631
920649527652352252
529965237521815205
528828152086520635
872075285252452720
936716052757520183
528520095223050529
523845174523109406
52048525552405158
495736067706118226
452276525265255025
525529052552674052
152225152445175205
529857975252552526
529119352525193656
526874135278189252
325252264034952052
737985252525212552
262695231811252410
432529460752857445
145652771579524702
33291955282529497
90036207529455270
652852605235215252
41252523522550522
152589595275212752
523095252041246957
521052659662766066
189526752526661480
452252525214926718
315205952522529527
852552521933764165
452528887916525297
24735245245152529
527352752405952975
528575275252526523
715258952520552525
351799652766528043
552329472065952046
104563945223052945
264528552252152232
852452526052526496
271060198052094758
390221404521778435
523166952752484852
966895252826722054
630529523235224521
709752925352133852
355259946452785252
720252385235213552
254245852752851491
725207935236452767
279552033535252952
475245269252527505
170879946055558524
779315252052865244
773625286407152597
115252144252752074
752523402120955253
852229305252045259
525252520365052524
226687524409522304
526527528527733528
55235281474952636
512527524520521669
352252520052144188
652579552523605201
152562513952368685
777521305205528858
752297052062719453
535295252952352499
743950563828451525
895252108595248585
136132586252819521
135205284524223495
652025286216352552
44645234615523523
528565217525975208
545225257152605230
221818252966525257
844415298752894522
791717985532952652
615558649336052521
933259652745458055
259752525852524475
652056526527478452
552178525252152709
521952524610525218
525525222525293882
785252525262652298
582652952528525283
652525276233465252
352527105252525142
220565286525252528
852165252435255236
521091003522276125
952265285286228552
254999579952869825
520914525216121525
786152526696315252
