100
5049940520
5520382303251520
37101571520
97402140650520
82139520
765339019915520
9825520
7173520
488520
992816520
6293613520
85041421520
9209362520
328334543520
239520
4578310650520
186520
197471018968520
2979405274520
560952520
10488371333639520
239520
6769087520
9147194520
48319214520
6360516462246520
5502238811408520
80283520
76659203520
4321767520
98308923578351520
83520
8485421147991520
3205499520
229520
729559393877520
775546933625520
20520
3873678829520
8210520
5520
743520
866994322520
31651030664520
6901726588936520
648551124614520
58543520
194971363520
335752520
2643142457652520
5050579556310520
77520
5044484520
58378465520
56520111590530520
65714863520
22520
262057655520
288085520
913948452282855520
75818520
4334624215344520
333520
3303579520
9901520
870022520
295520
4289865520
51954438904520
590520
11520
50248520
7843019507602520
8259928075259520
3060128623357520
6146542692989520
61541322983879520
53007037520
714878250520
787585520
4520
26145300516520
284383060039520
2362210748280520
860520
1485299771922520
46552520
1494698191520
747520
257921727616207520
159380782314968520
53563541798371520
3849472166248520
8661537314520
94786898520
928385639520
9520
9640842119080520
134481105275840520
27977758024520
