100
512019716165871519
2176787160519
557770889471519
47602885741519
1227690519
266519
84519
150399725094563519
274519
5343519
40918519
3269658211113519
926426071481519
291013995519
812353519
33020234445110519
29968519
9568868657622519
63519
96519
7802014911838519
7993867525507519
416519
881112860519
155352912519
401291187628143519
23519
21964626519
97073485703519
50519
15139519
761519
3279798057718519
764519
3569970867670519
11907051592707519
47519
649840992975519
668433519
942841519
57329811415519
4570560519
13096519
5281519
621214519
2052519
768178900458519
678519
70341519
540359086201519
25450300521505519
63519
985519
3685626072519
9887358179519
314653392519
32690519
85055519
23880519
164941509519
36519
6535519
243930375519
254185519
7808339644519
963880314519
680252611519
8934189519
379361096519
715937587590738519
533807815519
70509153868385519
31213886519
743519
4254356339519
63519
1636500553519
4765960051900519
531054135957519
205519
7311519
6519
17059519
96573519
91647519
308519
6873190505519
719496519
72595519
703519
88570410519
72655422926681519
689035275519
8683429519
82872411519
7572464519
460313812421519
7139885251519
385519
24971033205519
