1000
5
6
10
13
27938
15372
42048
25118
44366
21706
4851
716
4933
10479
8013
25916
30962
8431
1172
8246
35115
12730
16815
27853
42775
41001
20818
18612
4161
32393
20768
16002
1874
40334
29621
6038
29887
28476
24477
19487
3608
9415
40920
8026
13948
24583
4588
42366
32924
25901
34543
30559
10251
15590
145
38496
35727
31464
42789
15431
40338
8110
7883
10701
40794
15856
28200
7600
41802
4175
30921
29677
11455
8341
27547
6432
21967
3382
18285
22529
42525
38371
44990
5732
43594
40284
19771
36963
20517
41128
1260
31159
42246
37685
43763
2007
8288
39861
18234
43636
41549
28404
1894
35845
26635
26375
21113
19018
23244
27122
20043
34990
30951
27692
5622
10379
6853
33052
32051
28326
34092
1927
19960
14134
13662
34815
19456
37059
32121
32275
25373
35673
24059
282
33141
32053
33244
43475
20455
21608
21237
33826
30630
10298
1257
37010
1571
12245
12447
13072
34286
22489
8465
7375
7584
34562
37033
937
10256
18021
7831
33535
2766
21374
36663
23707
7943
22922
44672
17390
18220
7091
7039
20244
35790
35001
2400
14638
41872
37213
5924
19158
27835
36170
40978
4211
27284
40780
7989
17521
36483
34461
40258
34833
41600
12267
13899
29976
43350
41015
41856
23220
42852
44452
38772
25861
2989
10224
16128
39833
40728
13759
34168
19754
24802
16307
14713
11339
14793
12222
3246
41004
31927
775
29901
17571
23759
3585
21064
807
40606
40220
11151
36680
6657
6380
13597
5767
35009
9509
25861
13335
25137
37231
36995
44602
11743
25207
21279
2534
24373
38731
23241
5619
43944
27067
42331
39250
30764
13357
22889
17305
20258
40866
35725
37136
1045
39630
1868
35377
35579
27144
16690
38095
26340
29605
34251
35111
18726
12380
36921
8935
30844
18811
34152
27271
10255
36807
18087
41230
17128
33475
33941
39292
25056
41843
44701
302
30895
8590
409
33080
14909
17244
16265
36160
11531
38067
31290
26932
17686
27900
33822
18348
43466
33231
32484
40194
25016
23058
43274
3242
19372
39538
27254
1996
12581
42945
4209
28904
1883
2779
19181
27491
20806
24828
9678
20480
17683
15560
29992
27601
41079
27780
20220
23414
28169
25497
26847
33593
5414
35221
22322
35189
21615
6246
29626
243
4276
3794
5410
22870
24282
2854
30543
20500
24206
4010
28509
41602
33295
32195
33141
40002
42875
35056
31265
30675
32713
19145
5442
23401
34144
40095
11140
2334
18538
26054
23755
22565
29761
41219
26668
10316
14640
27069
27079
37561
40150
26847
615
16742
11068
17221
42618
11275
29266
26275
19504
32000
38420
27147
30183
11055
27620
34985
25465
17741
41833
25500
41579
35286
32711
12609
26713
38405
24198
38113
28722
11685
9378
38381
25685
8681
44308
14482
18776
37468
25487
18744
30776
33931
6389
24877
23147
20791
3003
29122
16399
3906
32877
7038
23956
32668
3474
7757
26338
29859
44701
27205
7520
15900
7323
35470
1967
12405
32414
12260
26460
14988
4963
31438
11899
19444
39942
4002
40334
9046
8548
35205
38179
28302
2055
5173
15059
13804
42036
13323
20200
20197
6419
13498
16173
34719
34531
14659
5454
36620
8114
21632
17722
33380
7735
44966
15213
21940
14108
29899
43091
12287
40112
2069
36177
16587
4624
31431
9816
21889
21705
11133
40737
9911
42603
24319
29301
18399
21771
8732
42361
19848
29688
43114
27211
16089
19457
15340
26034
12931
2011
16465
6488
29383
35412
44650
4824
894
30435
39205
37598
7083
23731
23776
37606
13395
20558
37753
37229
34954
9447
37344
41445
6135
7096
10012
6207
44358
38331
10596
28007
40621
7180
8541
23534
42137
5107
39744
27065
14257
43971
4095
17365
24813
42393
2882
43833
28570
31695
8316
29380
1873
27402
14438
41690
32897
41044
15416
35130
22898
34619
4712
15340
42985
4436
15169
21138
43686
9688
14855
19563
16772
11976
14495
42222
31742
11706
34004
32951
3522
42393
27973
23115
41245
19537
25204
2820
9947
29261
43366
20260
35522
3950
29797
43714
17493
12113
6582
39007
1030
24473
44748
5459
38902
33349
18969
10596
1598
9448
30272
31486
40979
8288
3670
31553
9982
15696
31159
2317
966
2987
16606
29014
42374
9160
23128
26409
34553
19835
36822
24584
17844
22521
25856
26756
25351
29831
24984
17391
29206
3172
2042
22631
5528
37266
33099
33557
36674
17013
22347
38406
39309
21989
38788
5141
36496
43308
38710
15766
31242
42593
31120
35539
13555
24153
17549
20523
36778
43677
17028
6805
43292
13423
39107
38055
32663
34230
11746
26851
32309
8330
7858
29869
32349
10132
32657
12126
16530
36797
40087
24136
36126
13549
43519
31550
16639
20391
5492
4298
17886
31969
2570
13938
19255
28879
38125
13380
25472
40758
36533
11423
26400
5586
25309
5129
13440
24022
27255
41880
36093
649
27371
44057
33853
22893
28859
27855
6329
1358
40755
43652
17103
37729
32406
21487
14320
7119
25923
22704
21144
33792
17748
30000
7705
29552
3449
9
31459
40826
25666
29388
28292
42702
3964
12683
14492
24321
36040
8599
38728
507
13266
39853
36364
5808
20659
7319
25011
5698
12857
36987
12768
4178
23478
7368
12240
12666
42859
9389
43792
9774
36398
4470
31170
17850
29014
4250
10850
27093
13399
6985
5636
22766
12596
19204
16132
20888
27199
12135
42429
23855
7791
1827
37534
18090
29545
4991
34493
35503
42092
12631
42854
7109
24037
31971
40208
24856
37226
12377
33532
38798
39445
34194
10730
23817
6443
12244
27040
16356
13722
40067
5863
2878
544
34651
1101
27874
4373
6690
10816
24000
26532
22580
1423
32792
43890
6709
19612
41388
30513
38672
40148
12234
24017
26925
18436
26553
27913
20809
3816
22232
22722
2546
26612
19774
11444
42554
30659
34167
8646
41160
35360
38198
20661
18596
34683
1025
740
26298
3364
10669
43245
8646
2803
20525
21746
41358
24463
27728
35633
36169
23597
17494
40360
12440
11198
42096
15687
7962
17064
30387
31319
38918
11710
28499
38400
13526
15749
5114
2167
3519
30275
2939
25832
28714
44306
34432
2275
27200
20278
30467
5474
40397
22912
29001
17770
1714
11116
24853
42491
38510
9739
35905
25112
36962
36588
38779
25692
40031
6503
27958
29951
39327
26952
30890
9485
12155
40259
43580
35040
39858
18781
37257
7370
23991
43557
23497
22811
17701
7496
4295
42587
