10
154418 1174217 2028918 3053789 1095660 -2044564 976504
126508 158737 -2390013 3154426 -2602973 1579483 179829
212834 2998441 1565509 2329133 -3150885 3136002 1263154
112671 1793071 1738228 2835781 -3110269 -544211 1743147
338538 297204 3263986 1997585 -2894071 -1497533 2209962
106083 382460 -1946804 1597654 -2534812 357636 912556
330156 43897 -1658835 -2624008 -272894 346557 -715511
240728 1966199 904567 -525176 -1012942 2136909 -2638760
233351 -1400681 -3202611 937514 -495237 618102 -742720
352774 -2469782 -217987 -2657539 -2504613 1023572 1036621
