20
326104 -2108249 3101404 998018 -2601232 -118468 264369
129535 -156571 2732097 -2211471 2445193 -2998195 -32136
137018 732150 2390088 -1180612 2170995 1568264 -498689
49016 2857256 -3257678 -3161924 -2440269 2967130 -2022072
166771 1877589 -3007754 -1404400 -1832352 -2262377 -2253479
634126 2261040 477250 -1061763 -2449174 -1910141 -1548727
446477 -232552 909178 -2526366 -2839704 -2198509 -508344
290900 -1701406 3060435 2165763 -2427971 2199810 -2223987
322439 122442 -3298718 -2593762 2125528 471336 495034
511960 -1768810 -1358615 -1556689 1360374 -2391089 -2212293
601563 576826 -609411 1735166 57411 -531492 -3011064
552950 3017957 252930 -23402 1969394 261692 -927424
31932 2012276 -1597324 1960719 -1940384 -1276582 2713553
304920 273777 -331543 315904 -2620705 1149424 2686660
372865 -1793767 -2773937 -2853275 -386941 2973215 475645
254520 2582855 -2040759 -2175388 -2763279 -2126695 1199056
196624 -1940917 1324453 -2425706 -452897 2452212 2572873
432541 -2198035 -665708 2398263 -2181073 1263444 -397928
261620 2207214 1510077 94732 2999239 3200967 -1000461
120114 -1714040 -1237463 688129 -838231 2191546 -3066388
