50
792299 -1289142 1513636 -989151 -1981229 1648072 -3176648
1223186 -1553843 782363 -2042151 -1782814 -879219 -818296
1316887 -992948 509836 -1239692 -2029307 235415 1492919
486313 -749912 1712768 3024430 714920 -2019468 1409154
1085559 -2752039 3173570 -754604 -2524199 -1296910 -1376317
868536 2081589 2495963 -411824 -502265 913167 -3235385
1392760 2301933 -2861069 1441055 146410 -1529759 -276262
385894 -907251 393896 -1222701 759028 -2271796 790227
1283951 538693 -562462 -301734 -1643509 -1717323 258805
749848 2409434 -2179975 -2653105 52643 -2577767 -2605518
1079070 -2487799 776828 1411684 -2660396 2919359 -636899
1320287 1699680 -2403678 -116296 1377202 -342369 -2501707
1238982 -1844010 1330470 -457154 129216 1601993 629782
1246633 2250449 -1210027 675823 1705814 2124662 649709
1325890 493964 -40236 652685 -1418918 -3104580 -2389098
261309 -366603 -2831039 2355117 -1469599 -979786 -1830135
1023990 -306066 1415402 -1482551 1408753 -1081403 -1313339
1304129 -1135044 -1562501 -1845159 1327498 2736764 -1179842
927144 673645 1375624 -2337746 -2492640 1627223 3269798
199270 -250175 743309 -888632 -2871636 2128278 2938448
962469 864634 -1496452 -1817208 -2081074 400136 -2531495
198872 -791039 -2837138 -1641446 -2783581 -65367 567582
1497351 1668919 813667 2323172 456457 -890052 -2906926
439504 -2656945 -2958536 -745011 953670 -124824 2845924
378986 2152480 1197656 195643 2177131 2100836 3253978
1106117 314484 2720086 -1997361 2018559 -600418 -1478263
1241658 1903559 -3162835 -998012 -1724100 1556988 -3020807
301253 2617896 -1374229 -1323715 1337074 -1615122 1590754
904603 1955428 -2435328 -812661 -2280290 3179571 -1530106
1462094 1793264 592179 -308457 -560755 -1047449 3175454
1603349 -1405654 -2811137 -2091824 -2040923 -1524714 -1300143
751624 -672942 2986641 1757260 -761521 -2733117 -2758232
214095 2377120 -344716 2464858 745542 -382764 1439394
1315705 -2299419 1334118 1152019 -2642123 3224634 2082111
1034125 -779813 -508035 -1554031 3199675 -1022589 1761295
1354419 -1646521 -797182 2864911 -458425 852825 -705727
475998 -2126544 -3043305 438881 518650 2088884 -414741
309824 -2560579 2485811 -2249972 2587074 3073217 -2074127
101822 3160556 -451884 -2746292 -461384 -1584158 1972160
593515 -282320 325823 2880954 126021 -48005 587427
222097 1879601 -2766605 -1736353 3111627 935578 2779703
1117738 -2491225 1360828 -2746998 -1462609 -2572880 -1606204
1617084 -3092078 -922086 2044656 -2515569 -1316672 3215047
915098 2956478 -511155 2487978 -1537647 3248413 2564663
1224410 2956197 2315621 911176 -2380613 1987568 -419073
1443660 -3244585 -1866338 -2214904 987569 1995803 -859670
963004 -1851078 1296134 -919066 -2418713 -524490 1216928
728164 336979 628826 578215 2450989 -1086297 -2006407
463285 2916740 -2543973 1783122 1405193 -1916380 2766396
900012 2612729 1957062 2541184 817085 1861159 2074359
