100
1544759 -1526730 1661104 -778324 104931 1059258 -1943043
1899436 2713035 -1301556 -1528293 743680 2688964 2579490
1696089 -1588028 -460279 -3129685 -1528566 1559524 2989477
3252853 1557985 1258823 -703695 3200807 1371946 3041978
2133887 2130611 2300451 -1933987 2158134 -3051840 -2833569
132696 -2132216 643824 -3274602 3257686 3094960 -722961
13222 1258896 2990623 1120932 -2394942 -2296765 1744816
2566837 3042133 -3262845 -1823562 230082 -666434 248951
2411470 1650203 -1532008 1392385 3165566 1136212 1714355
863865 -1416288 -2111903 3204176 791891 -850595 1644994
1932385 2558463 -2927701 2649484 390744 247999 -63464
3209358 1590054 -2839791 -3264505 -3018058 -1411588 -1521622
762846 2373421 3219502 33683 -1364165 -2833397 -1486871
2961618 -1315645 177670 -1093195 2303541 2012740 2933544
343484 1249078 3249997 157679 289260 2547676 2658151
887340 1306643 -2131102 817740 2415258 -1848175 -814087
3150979 1049838 1047906 1622518 -2072048 -1121943 1889158
2776737 2040583 -946075 -430728 -2381132 -1308486 2720846
50159 -2449753 -2911378 -2245513 1929345 -332244 750313
2922861 -1056336 1241191 -805363 -2012637 -669525 1826484
2264113 2362830 432943 -3244139 112675 853431 1548226
2617331 -381816 1499810 2197309 -2695567 -2291053 -1768672
160683 -1504050 -1973290 1103749 -2169107 1642621 -74347
749209 1381658 -387943 685793 533971 -563967 462221
2538140 2876654 -781315 2288088 -1527648 -2831022 3275878
3232078 3182216 1650137 2050582 1108785 1222335 2341835
2694057 532014 544589 2696634 -280942 -2625515 -90411
1519318 1656202 1889175 -2689349 -374921 2156945 3263676
2384058 -1527003 -852364 122008 2527763 995605 2915407
2356141 -1650801 2679412 -684489 -246696 676012 233177
1491839 -2535730 -701469 716041 -3214197 -776196 -2688521
633992 481941 2450168 977298 -3233301 1131734 3217422
3088576 2967139 -908470 -2587566 1702489 2385505 -1420600
73438 -1087504 2905720 720003 -2899468 169301 54333
719773 -1835463 2085459 -3291485 1498896 -2216085 -936543
145137 2705977 -1703426 1863799 2166831 1668409 -1565427
675362 -1908582 -1293742 605787 1712317 -1450668 -157921
1031975 1848761 -3010971 745847 1162636 2983496 -903133
339580 916506 644751 684365 -723004 2102586 924457
1141593 91213 1050011 -1242755 -94572 -620704 -3106745
1326586 2983217 1405821 -229506 1739425 -78101 3056514
3093827 -2792450 1474657 -2203577 -1132479 -308049 1594991
1765134 -930255 -452263 -1730883 746025 -1737681 -911524
2229322 1270407 2303065 -1336749 2051390 -791444 2062217
398709 -1577610 -1551768 3248514 2751048 1402122 -2276702
2959553 -1872107 3178952 3263951 2282367 1161553 -2878039
3000907 -2222996 -2748136 -1339379 797426 -2149194 -2979506
1812576 -2619813 -41175 -1296131 790812 -1859906 346927
859280 -582049 -1886600 -1164634 -2900063 470673 -3133840
1299776 -3087342 1865540 2534520 2693048 -3167381 2670282
955812 1423246 1340026 -746156 1857507 -1408615 -2272171
80961 -1796158 -3255739 -873526 1774429 418382 3167005
2165496 1087931 1090582 1770573 -3049794 -927225 -3278454
1530986 333307 -1849114 -2732733 1007145 -2911971 1617069
3195026 -1604330 -1072171 1292649 -1794653 -1581309 1892649
1061529 1476297 -1357658 919352 2384690 462439 1345083
2448169 -2588766 -1698424 88896 2043935 -2432769 -1236297
2167905 -998256 -276900 1253550 1953853 -2863467 1801653
467819 2981865 282219 -1579111 989541 2439556 2045332
1432006 3102914 2274933 404124 334190 -647856 -2962300
464821 -330362 2353042 -1575566 2198482 964417 -1737646
2021608 -3226346 2419422 331520 1821234 2036339 -2144584
1658719 -3246335 2519688 1040621 -946595 2056373 1923133
2666228 -891677 1703492 -92172 2500748 1176307 -2478150
928877 -1927600 3102489 3118905 -1425729 2483758 1515670
2284394 -3032089 686598 1080801 370777 2778751 -587573
2973507 1268875 -2345031 573366 -3036218 -348654 1858886
2992897 -1725913 -1609226 3103389 535520 1014173 -2574761
145294 1744654 -897650 3103463 1905496 233028 895114
2093510 1153663 -2927000 517766 -3053734 1536284 2600491
3065844 -776476 -522401 -2735852 -880722 2849184 2100239
2790709 2747086 2351075 -2071872 2570239 1435283 -3003476
1333096 -723324 1541074 -1872464 -2208025 1411962 2894175
419715 238256 -1810357 1755647 -3140176 2225176 -295958
1844736 1016508 2531702 2446183 1902988 -1411084 -1453681
250294 1582613 1554731 2579238 -2370039 159937 -2735061
31729 -521763 -1880862 -2093053 2754244 -1492172 -1973589
1560008 1962982 2864375 -1425721 384458 343634 794247
2592763 -299856 1321536 454509 -3197229 884258 2744810
3027333 -3263907 -2685468 -516032 -1210887 -1254542 -1946260
2766430 -340077 1923239 -2730480 1183395 834324 -2439463
674260 911358 -509338 3018182 -2913482 -3030554 1896739
747038 3050337 -2002783 528671 200122 -3063971 -1795894
869390 995858 585463 -2270910 3114943 2684161 696991
2722184 889346 232347 2558369 958426 -1972485 998904
2353174 1386984 2949404 1157594 -3097156 -3215254 -856059
2564478 -541111 -1062505 3166942 1719132 566629 2323127
468078 -2866945 -73433 -2190355 -814357 -3165128 1211815
1554523 1381067 -2405066 -687704 474831 -83037 -1722014
2844649 -1263717 1489464 1431430 -2570963 3083569 2784764
664589 -848832 1588075 -2947814 2656948 263493 1964869
1362991 -2558146 -1612731 2505711 -511100 2627592 3148856
1513522 -3201166 -414489 338548 -1404098 -3108021 -1874422
2035672 -2540264 -2045778 1290424 1245986 -1204015 -3210580
2558403 -2872518 2113869 -1838205 -2316807 674355 559966
1040821 2907822 -3134366 -852775 -1090155 2514825 2506072
1040292 542843 -713177 -2422106 1177953 2661251 391909
2226822 1612975 950592 243813 -2409035 -2854210 -3235594
3045137 -269704 -1950365 -3233476 3145022 -2130317 2396349
526502 -3103527 2416479 -368035 2659286 3067578 129344
