500
7674645 1600577 -3074631 -1384406 -564050 861112 -1404765
13157074 117404 481447 2626939 -1972051 -700433 2898723
2266303 585282 -1587227 -946515 -2606127 -109180 -1482294
8336142 -2674806 -1262527 798019 331965 -503992 -2858648
16338114 64844 2238858 -2967280 -1956764 1313178 2416796
3022968 1343381 -2556753 -2698021 2257796 79492 245976
15771033 -765948 1936906 2167805 676966 1233632 -3163542
8554927 907027 -3007510 533925 -119460 2388712 946701
12737075 -2841226 -211934 1074545 -462902 -31039 3094514
16390179 -3040898 -1470931 1563608 -1204356 -3249608 2429442
15822461 -1460253 -188895 1340646 2032328 -2253146 1313078
6316132 1175461 -1397027 685129 -2872515 -1689893 -2598158
14593006 -411259 126646 -69904 -2121747 50079 2592991
6135529 -88501 2633392 822331 -1042387 2128394 3045216
15578117 -1670898 -1705008 1594626 253231 1237180 -972418
5446230 1700737 3291787 2626621 2218172 2421719 -2446101
14589647 565772 2390673 1551347 2982499 33424 -2969369
3047990 2688491 2208732 2949470 3213206 281382 344970
4108613 2253121 -1144786 -2697750 -2066667 2739779 2074912
6780702 -669189 -1607418 -1591345 -859248 1611645 1501759
15178214 1096155 -1642951 3125743 2543254 2681025 2894397
3112864 2504693 -587865 -536367 1982826 -1769317 -713561
14138700 1544261 2392837 3042200 1561385 -26432 -3021563
10203249 1724889 -1925783 -1796531 1141248 1150919 -1096224
14261383 -1513813 487665 -396101 937055 561901 -1491584
2379527 831047 2883950 952537 -1354640 -256393 2911618
9225633 758796 -2604419 1729997 -82463 -162471 -1176636
230468 -2686270 3166249 -2111788 2369384 3226445 3146894
7131188 -1824662 3174020 2185902 2605898 -972356 1813503
15348377 813207 2847691 2412746 -2490606 461503 -1553346
618462 -2599196 -2564220 -591728 336762 -3061934 3062502
13582063 -1103297 1390878 -1388200 -976814 2543582 888522
5051083 -1403332 2853785 3067627 347215 1839615 1671947
11438774 -3045338 -3023057 2517168 602079 745443 -840014
104471 299120 366734 2961848 -40430 -230090 -1885292
10344669 -2667256 3275867 510426 -915891 -1648474 -2174760
4492382 -1012491 1901649 1765784 1859453 -294452 -358664
15459828 -872005 -1972558 -172307 -1862502 1651775 1686627
5600858 2613718 -1807510 -2689706 -2277388 -3161008 738030
6813914 -456219 -229225 1138920 -948375 -2855338 319237
5455665 -1479341 -2252157 -3209108 779651 -1309651 2516581
11275071 2297677 -1326058 -1116903 965316 1404919 2217242
3447588 -3037588 988392 -2476537 -2789342 -2561976 -153594
12290546 3135807 -1752692 1241506 -1563481 762570 772307
13701101 2635050 2619127 1052822 -3229523 -25969 2119941
9408940 -2416650 -2868622 -247095 1051100 1173616 1406313
2852658 1550437 539674 -2821165 105888 158544 -1516280
14438736 -966486 -2841479 487898 2065915 -493037 1923695
9823051 1860876 -2202526 -2406496 1965599 -253868 -2434418
16345757 -1914282 2384228 -3165872 1062925 -733265 -2884171
5586792 148951 -2089004 892992 -2723803 752977 1102225
14413963 591192 962081 -2038964 1202273 117035 1987573
696925 -2890167 -1117957 -656783 -3122006 42703 161496
3731902 2500650 3225812 2282713 2763094 -321404 -1997367
7624440 1490316 170036 -2283433 -2995746 -1103316 274350
12289358 938166 2971028 -1853059 540330 -2601425 -2709243
4868746 -1443793 696259 -260509 360618 -385329 2219486
8782065 -2441014 -262947 -1541544 1201658 2788020 2918156
1539934 -1343787 2248271 -219309 -858279 -1969513 2570105
9218980 1827049 2541225 240149 -1851604 1345856 -3241914
5671245 225598 -702231 -2478600 1417228 -683723 -3170863
5308490 -1918285 3282691 2317607 -1628893 2475202 -2362205
11050561 -177879 2969005 486207 -558873 269795 1057115
9540571 -2612807 285700 800943 -824292 -2027232 -543914
2342531 1340608 -3041304 -972592 -2415533 -735344 -2035954
3994155 1709210 -1374164 1963678 -165981 -507210 -46274
11392912 -2165331 -939343 543883 1616429 -865149 -1667991
6199389 -1092096 878320 2682057 -665786 -1648176 -2915973
11998267 1695519 2326561 3288241 -1306110 -2850771 2756078
5342016 1993243 -2582727 -2645342 586617 -92466 2296695
13049725 720137 2335975 -1407647 2200179 -2390664 627680
15843329 -2076493 311028 2430505 -2604152 420220 841795
6327995 1571329 2528870 -303364 -1606064 -766124 1385361
1580651 -1225440 1636798 23544 1705432 2218654 -2752919
14797432 -242907 -1839094 -3180638 2967640 2388219 1332374
15195569 2994655 -2740799 -2796699 3106843 -472969 251778
11736737 154699 -1252644 1015465 -2834968 1388332 -2937279
11762880 -1301920 3185157 -1952529 -1018930 -921744 2556694
5774143 1822028 -2427664 519144 -974062 2864649 1574791
8622778 -2531184 1225944 -1646481 733708 -1451000 -3291990
13274813 -932385 -3076112 1825435 -1239455 534925 2219879
1585568 -3156558 2729669 -844830 -1558800 -1918992 755441
153783 1943431 2964847 1068503 -3013097 -2218536 -560219
13919901 -2711088 1061028 369908 3218275 2566158 2037013
5693984 -505064 -320999 1631805 -2872346 -1468031 452844
342713 -2193952 3210088 1969732 2720372 -1624936 -1482241
6543377 1095979 -1741040 1268327 -3207387 -831245 2515195
14996263 1121880 546350 2918992 -1618598 -1241680 2021759
11933199 -469730 3039042 -670885 1510714 -562875 2584920
4560352 204682 -2425238 2634005 -430549 -2375925 1082208
13635261 -2612607 82051 1511702 3132208 -2987949 831888
13294657 2631933 1182782 -1312059 -139729 -1816295 2846315
3298344 3115195 3233431 2536688 -1663216 -2302934 1143384
12896576 929447 -3227860 721661 783998 1178906 -1682433
8560761 1582343 2976390 -1709216 2251514 -2545724 1304708
13341752 2043921 -1581120 -589974 -311274 -1244788 -1915983
16121915 -38609 1634657 3125827 -2780013 1867842 3009297
11663677 2116514 946196 55720 -746187 1921607 1824638
11826474 -3155435 2891669 -31590 1657581 -1402516 2932351
8401805 -2301836 1135998 1405045 -1286198 817056 -1392203
6375001 -740333 1478394 -2486643 -2828577 -194678 -291248
9796189 -916757 -3277558 2587241 1789474 -646807 -106517
13746944 -1854158 -3207622 -1416770 -1289626 1652898 1657351
15377677 256991 -423097 1810178 -204970 1852712 2134157
15576263 -1678159 2349208 351169 2098979 -2752870 115162
8049576 2620121 1228011 -616613 -230138 -1040119 2099677
9248877 -3187799 2328017 -59824 -232815 1185571 -463115
11247009 1762180 -1564390 -2752110 2653651 970905 -688921
9018914 -1459876 643702 -1529061 -258459 -1903112 -2280919
1073700 -2751706 2473493 1751083 962974 -3177477 1184561
16356386 2733993 467632 -1158509 -425341 -2157187 38447
598166 -949711 -2234594 -227269 -3104393 -2267128 2893570
8814396 -2992970 2976331 -1346822 -3270173 -1985075 -2838065
12245813 2592215 -2070016 1563561 -1441129 -2366665 -1852484
12657436 1331080 180636 -3108059 -567772 -36352 2550753
1480556 1616625 -2383805 506609 2025333 2620966 1335197
14073624 2299246 592183 -1068435 -1049116 -1544855 1036921
13721221 1005727 -2642453 -1930409 -1871554 -1029417 409685
2942591 576604 171633 -3091822 3073265 1973483 2015556
14508006 42175 -1619357 2396030 2738062 596904 1962925
2940705 -494828 2302119 -3198359 365483 2137481 -3067532
10488811 -129448 -1609213 -3253534 2335010 890342 -1922072
4822461 1602212 -2344480 -2148716 -1293142 -2671673 -1307876
8543236 -2965271 2782127 -2696250 -2215007 -1642051 -1579880
266948 2500621 2211487 -556389 -2566133 -352102 -2764411
9636756 -577190 1541026 -3267859 3216848 1752620 -788298
1578643 474640 -2206060 -867629 -2949403 -2822687 2597674
4784146 505120 -2414744 1433594 1142310 444768 1347714
13908468 2677139 3185010 1169955 -597389 -3036220 1762154
5940692 411279 563913 2370612 -2425131 272600 895876
9868505 240952 -2599464 1308946 -1040942 1295889 1259100
13134459 818589 1186309 634591 -1171808 2647264 598038
4228279 82603 -697052 -834114 -2339557 -3232287 -3208583
379736 340377 -2783905 -2330990 -2178199 -1842996 2944159
16188633 -3053035 -765033 -2568081 455555 434373 2619434
1599498 2627227 979739 -3200573 -2041745 847432 637313
719699 458801 -2987538 1614283 1546003 1759432 2462328
2206966 2560310 -2201357 -1854091 -3077361 3049317 -1499216
11583236 2322953 2140181 -2795502 -1950088 -1651760 2858842
12946370 -612398 1947042 1688033 1908151 -2603201 -1736089
5737060 -1867119 -2001234 724498 -1210430 2678989 597636
14501326 2943006 -2769853 -1910206 -998330 46287 -1906416
10293234 1323387 -832761 -1248131 2613681 -799622 -2253040
2866402 -541710 3004937 185462 -1117755 -3156972 413655
13048495 115437 -3210419 -2410714 -824828 -2370462 1459352
3533146 2918981 2474259 1101550 792243 -767923 830433
2440365 1902753 -3120817 309068 -2818283 -181054 -2589021
6047469 1660115 2100787 -3127367 2604597 -562447 -2778611
9672542 443620 3172907 -374363 -86050 1315920 2327835
15425814 -1699139 -347867 1188558 -266206 437951 86834
5317198 -246146 -1667867 1084294 128300 -674159 876994
6973858 -2018795 -181930 962373 -2359339 980753 -2185191
10947496 145191 3004088 -2729785 2667929 2940928 -837496
14510332 -1603270 -3259070 -2423749 411103 -300112 191485
16299114 -1772386 2068775 1981459 2706401 -474183 -2855597
7530755 560337 1232538 -1860059 -3162750 -1038676 2371563
13215020 284980 -2187569 1320394 104218 2460540 -1960086
16272684 315110 -258214 2426119 -2456275 2789678 954368
14918285 -379690 -342935 1023719 285566 -521410 516742
12819793 -2349017 3233450 -700535 -1679311 3119325 1768157
12340654 -1263566 -2413133 -3164268 -1741838 -2071960 -1985532
7600123 2600702 -2329274 1345401 -1910239 772862 -1811155
13948085 256570 2958911 -949960 -643568 3242895 -1961462
197390 994868 -1508997 1049093 2027162 866389 120493
5845335 -1559998 1224135 3113346 -2370890 3274445 2157528
14285847 2961629 -24834 867536 -1868093 -2372675 -2253390
12387103 1222653 1214361 1435789 -542253 1399849 -2371559
3459833 432311 2493266 -726388 -3166821 995038 -2458910
11132001 3060392 -2441430 -2256162 -2446307 -2138224 2353103
4861013 499605 -105196 2825330 498932 -286183 -2258472
13879855 -1140719 -895070 1375514 2442913 -3207714 790913
92692 522716 1091800 380974 2542225 2308411 3045634
2178907 -3279730 111542 -107469 -1669122 1481907 -1611405
7251413 1231011 2931867 1420846 1109027 3261577 -2654493
12432035 1049793 -3175402 638817 1829570 1522350 -489930
11610528 -2383095 -706949 2199459 2966206 1157590 2025429
9846576 690752 1775744 3246203 -2857888 -2766798 1807417
12541956 -280983 -2832895 -1726643 -2905838 2237334 -2338658
10636116 -597004 -1672879 -2320170 -811488 -2139204 2842417
7386910 607802 -691517 -2324414 41578 -3192721 2742605
9162968 -19988 -2816909 -1088047 2580325 -1857138 1528730
9814148 -385448 1704890 -2044397 -1263759 -1753642 -1787956
5680010 287389 -2605293 -1617483 -1835716 2940567 -1234137
4929091 -1672156 -3136239 2573321 -2186778 -2576111 -2307942
3374000 1291254 3175186 -770757 1152460 739161 2928158
4598569 835913 -2857432 2477933 1294861 2409835 -474284
7409835 127317 -2216854 893507 1695340 -2370205 -1023411
6441256 -3079412 323326 -2660280 1443374 -287258 -1629883
9597258 -1680944 -1191912 3024729 -20477 3150258 -2454186
4394517 2808368 -1546818 -464088 -1861511 2916485 -210879
7923304 -1611449 -250731 -2094030 1625121 -1649291 407902
797697 -2031986 1240180 2313430 350024 -3028916 -2829565
11705705 1043230 593392 751589 2093296 18204 947911
4583860 1585077 -1757473 2590271 -2593313 2048698 -2568042
16111794 -141042 -411200 -2049870 1342515 111061 -620265
14859601 -596715 2583807 -50252 2247141 2276352 -2888622
11481132 554790 -1089979 966763 2177616 -1298560 894625
6655144 1680711 -313567 530063 -908820 829578 2585479
10838469 -3230369 931059 1147703 -2459543 693553 -3015485
692184 1334525 2166721 -1619625 2040714 -2478312 763235
14332899 -1588405 2018019 -505798 -745365 1753593 201695
3953605 2478269 -317988 2521078 -2375017 -1207423 2342345
8216583 3199087 -1522036 2204366 -2588447 1997561 2947457
1604247 -2634384 -2722438 2688028 -2983319 -335054 927572
15014687 -1014247 -2769927 -1183664 -856907 2664478 2492204
67117 -411953 -1751926 2648955 -1410465 -1586685 1524462
14786601 2194201 -561441 2491345 2259832 436631 127676
6564046 -1028645 2439610 -361294 -523694 -3038133 794875
15880870 -101289 3190806 -2049514 2136128 -1005763 -1085102
10894668 -718287 -1872580 -2495125 1310646 2124202 1032592
13004071 939052 2010006 -2471540 -1945073 2021963 -2103135
1649652 2812297 -1879873 2052849 2659760 -962375 -879633
12798367 2996889 -765587 -1372944 1135278 967321 2363282
1278147 3072150 2261682 -277708 -1604208 293226 -266787
12494875 -1014189 -2636265 1265497 -2486402 -1607268 -1846509
4588512 -3256466 -1229833 -1288238 582489 -2387366 1950862
13308217 -2559423 812881 -2071297 1529312 3227126 -3232892
1463912 492437 -2538826 -2406733 1726380 -2634751 -702499
2968206 192125 -2441171 1980000 -2413817 -1226868 -1156909
1424009 -1767608 501367 2531282 -2005359 2912917 2185487
6117160 -1972481 466316 588917 1570149 -220370 -1416887
11128411 989726 922231 2958881 1416683 759345 3076231
5375013 1108769 -1614668 587234 1357061 2317688 1128684
14085166 728144 -224248 -429645 2135699 -388891 874923
12225317 -576800 -2309725 -1958444 874036 1260034 -2307530
1282826 61934 -983137 1819070 -1181779 -2693642 1164207
8471248 -175454 1064078 1182685 672503 1217153 2613969
4152134 -765580 -1548145 1527533 -259493 -539103 2001076
4972366 -2214216 -1568952 -2453857 -949339 1755447 -3110884
14647049 2472149 -2507633 342187 -2594176 2393410 -1937992
3556045 2738333 -2778641 -1554929 -465347 -1078851 -66603
5863592 -3067044 381546 -3281882 -367972 2334312 -1690606
10575858 1157206 2958904 1145783 2219047 -1615915 3074316
3810630 -1363529 -1664593 3274419 2201779 1195307 -3058071
3024000 2192575 -396531 -1856468 3296315 784564 1599735
13631307 -1469613 -732333 2733794 -1626514 240817 -1653392
11665828 283540 1420158 2149508 -1305425 814450 475943
13625557 -3183359 -1331689 -1308682 1919341 -234182 2969389
9467548 -1728329 -2506597 70154 1504523 -273161 3268040
327266 -798104 2030760 -1870198 2048467 2526089 2960715
15020840 -250150 -2209241 326537 1126054 1407101 -3016384
2950436 342252 -1793279 2430612 2577363 2364499 -1496071
1558544 -3210084 474983 -581420 -542596 2559927 -2440165
1401735 2795514 2868898 3023742 -2234886 -640463 -86077
4417436 -1381491 -1603079 2767615 -1559347 2998881 -2001567
10462663 2626473 -843203 1400072 1369987 1236607 41626
1455642 -2674865 -1347598 -3189112 -2990080 2746994 -1571639
2037359 -1326605 1365184 -1094892 2527721 -695406 799171
8203343 2543033 468541 -1583399 3086193 -1551832 2231344
9498283 59106 1128214 1266635 1788092 2845096 2216036
11404306 -2280566 -2328340 1815146 2461987 -3084437 2113921
4981519 977637 2213837 -2151465 3276353 2610374 -479565
2996424 -3095463 1317817 2039581 731373 -1300086 2571965
8066022 800945 -453545 -2446252 1236993 -1465494 994392
15769026 -2429338 777330 2940708 325575 -2013067 1471478
16032704 2691700 -567092 -2248613 -2154415 -2066907 -2109981
14153955 1800346 -2250030 -1769792 681432 -286892 -3267335
2056677 696431 -2075358 1397849 1067638 1366667 2150617
15840527 640895 -1358433 1476413 -2852924 -2705297 181367
13377259 2511537 -2191324 -2915402 -1045267 -2522200 -387207
2990769 -1920346 -658623 2461383 1217699 2378484 -2765315
9786684 1480073 -2122625 2571556 420025 -2381108 -1618166
15419445 27434 3198396 -2475509 -2023088 -1976470 -2180175
15157097 -217715 -959820 3049225 3096874 -778488 1649541
83075 -393100 -3294523 2339573 2845595 2800802 1554574
8823512 -3097147 2937403 799601 61449 2087405 2403018
6732187 -1679172 -414839 -182726 2101335 -2266453 -2093737
15972911 1315178 2154930 -1229642 176059 -2241454 -1533008
8804062 2925078 -679037 1233793 2237048 185831 -2497464
3198927 2412759 528886 -2977041 -2685517 1041635 1808145
4905956 3209967 -2076753 3056752 -375263 -485536 -2182381
5433458 -2799852 3237043 883739 2658405 3113810 1588932
7521452 3007673 -137985 2794129 -2326537 -1769724 -1527207
9386381 1883374 -1321846 556721 -267489 1551861 1693795
1145381 1104622 -3273760 -3054417 -758012 -3174024 -2711237
2761163 1666032 795799 2540588 536842 2508272 3291091
723673 -353597 -49951 -125946 -3107774 -2474131 956297
9055656 -1811581 -2828013 1223742 577990 -3210089 2386843
13761389 -2240939 -1701212 652868 -914139 2438538 -2511385
9875939 267853 810573 2639015 -3173323 -1025451 -1749053
4698842 -3178156 -139534 -747517 1768775 -164195 337921
258572 2200980 -727354 1358053 1529662 -1634306 -2979693
8412483 22023 -1563583 250053 -2717106 -777270 2686738
13328595 -1785111 -2663580 2133693 374436 -2904747 2685400
489512 -399394 -1711214 -2361683 -3247255 911520 3155132
15916239 -1728489 2275088 -1160980 -1339336 384237 1858866
14767424 2512008 667969 2419090 -2651949 156354 293814
2822851 -2510300 2748358 -1895034 2110619 -1692048 -2943260
1362081 -3274437 -1721644 1593021 672221 1451392 -1063137
11198033 3007601 614864 -284790 -2235019 -3182342 -280907
13848943 1752917 881280 -2814631 -2141698 686755 -2043253
5916750 389468 -1650652 1582692 2999441 -1887393 -943299
5790804 -1510849 -2877390 -2527703 2205068 966682 304695
12882239 1467745 -1260101 -2997754 989731 -2695674 -2900169
5739519 -1899792 -1776941 516517 1423454 2807538 1660528
8273436 382884 1038951 -1632820 -2101670 1401698 -259526
15909780 -1231960 -989475 -2316160 -1847379 -3139934 -2708681
6901371 -579218 2993946 -739176 -2524725 -2542888 1651654
11420490 1874431 1229512 310950 -3157364 -2587355 3287092
4779333 -35629 883403 -2065034 336600 97020 218973
6715621 -1044234 -1755397 -3153775 -2874149 1952737 -2548646
5848346 -797680 -1445176 156917 514426 2668018 2559329
9563673 -333833 -2201063 -1471846 -3091543 494584 -2216491
1616628 1523432 3261203 1291580 -781356 1838351 -2852710
9988901 413793 -1495637 -1160550 1715917 3169344 -308780
1858696 -1518549 2625478 -2450666 -885884 -1556423 -2965868
3811664 -1392017 -228290 3187939 158608 74018 -1708542
1911476 466895 -2726890 1314455 -2481539 260422 -283957
1905507 1849281 690241 1572867 -1693061 -468581 -2918379
1350746 -3292634 487471 -2049332 2554583 1530408 -2055873
8722465 -3204762 -72659 -28505 412635 168262 213908
7836756 -1090386 -3289974 -45507 -914173 316353 1176160
3048678 -3058128 1100428 -1069245 -75930 41424 -1341834
10872434 -3127723 128540 1671837 -967984 938453 1023808
2456584 -251086 3043282 379561 -746562 -312864 -1700120
6232507 1956075 2264704 3189134 1524888 -800325 -1868776
15234390 2275442 -2986313 2995478 -1819233 130382 336564
6303484 3193287 1935120 -1469016 -1806244 -2728344 357653
10799788 1670735 -939037 2182957 2659541 -2722179 2941682
3373379 -1226989 727157 -3291241 -431961 2822103 2928609
6871660 -414313 -1998836 -2966890 -101444 -2585013 -2629776
329818 3107005 1947646 812876 1522420 -213269 -106247
11024880 -483040 -2561573 1706209 2725449 -1234558 372584
10755414 -2028683 -406073 -1451936 1240096 -2192672 12036
13626937 -2888829 3011558 -783604 3133718 1905120 2729701
11842336 -1856195 -2022023 677165 1141794 -1963314 -472102
15648810 -2082696 -1443626 2049795 -2853068 3025550 543786
14229183 1328893 -1065914 2955001 2297871 -1109824 -416944
9158439 -2267320 660563 -2548568 -1723273 432122 397345
2468399 -3126505 -626614 -2051424 -3087470 -1122323 -2111215
9166758 -3026670 2460034 2059379 820627 1200966 -695193
9001612 1950709 -674398 2674540 470051 -544098 607571
5589934 -3097910 -2679674 -2861546 2438798 539076 1043496
9614005 1068718 2840182 1669558 -1943997 -430266 -3187543
15487278 3211417 2531877 -1719846 634285 -3031001 2260866
1443814 -1354026 2550316 -528091 -1332932 2192066 3160369
6358186 -990749 -1002767 175625 -1826134 160841 3150313
1044999 -1978273 -1219568 -582464 1303916 -1004691 32859
1668007 1109124 821325 -832994 -2963978 -2478269 1566707
11418714 273615 2555346 -23743 3186957 -698733 547229
8251171 1185178 1456079 -1995032 -3156817 -1302176 1846727
8091089 3246428 2444171 2867492 828796 -1377468 -356052
11185218 2636158 2602355 -1232767 2329656 1910695 57868
8520618 1658652 2663796 546168 731521 2158568 -2009744
3539583 809353 -1414228 -777773 539698 2357633 -2380493
12962292 -2227595 -1466098 1264369 185491 -2595005 899447
1933423 -3248742 3142991 2087546 704111 -1144716 -1288695
12577761 2599207 -1529921 2686620 1911325 3066260 959044
14718520 -861847 3075345 -2169957 2223081 -32385 1084070
16321146 -1339465 -1535402 -2328342 2621645 504984 -1041921
12329964 -88103 -1177151 -2050549 -1225405 2610436 1686244
13835561 -3226848 -1438428 -529464 -2066919 2461558 1784114
14586924 -1611042 1079172 777957 1468071 -1454098 1926263
6546919 448137 -1621666 -2038691 -2256107 948922 2901004
15765650 -421920 2775063 -1344392 2204433 -427197 -613656
7593486 -1918528 2214031 -3234100 -748580 376787 -588306
10369631 -1436658 -2335495 2077314 3258689 -2960044 -689675
11059397 2066149 -3265917 -1121469 860142 -2087330 -2227467
4523701 791896 1883373 -405517 602720 -2051636 997244
12757843 919992 -1553223 1107998 -2145993 -216724 -1774146
12852014 -2125385 239821 1265789 1728415 2274112 -1653710
16234484 296970 -1246636 -515829 1799547 3071252 -1746301
8434339 -2173047 514625 -2034888 -2521878 837782 2973398
8373252 1615297 -1974889 426791 2313826 -619546 -2416691
5747499 -1125844 -1482005 1862798 -186136 395464 -1738660
2372258 2679668 327502 -17848 535728 2784983 -1788857
14756121 -2195001 -2655913 342391 467012 962015 1042162
1098058 24909 1551458 -2548471 -2806218 1179242 -2098725
13203237 -22511 3243410 -1312376 -1813723 373527 668283
11302947 2617938 2515442 562100 1505613 1832336 -690166
3112724 -504465 1395649 2361422 122272 -3254206 -1077726
11016882 2194772 -728342 -2590784 -1113511 827693 456557
3630127 -231623 -443139 2898134 134847 -2839264 -1399480
866341 1093791 -1002240 -2734804 -2003795 -1410341 1772912
13163960 -685143 -2454588 -774226 -1021627 -533165 835257
8044028 2982827 -2688783 1477162 1052913 -214148 -559621
6394253 1579066 2256896 -1345927 -2349483 -1569399 689608
10822268 -2230893 255522 -2468835 -2508647 1986134 637147
15338615 2677143 1515060 1915548 -222976 -2661184 244755
12197163 -1513220 873339 1304551 -3172659 186008 -2885158
15579868 1240209 41314 1325378 404470 -1693242 -2633360
1142613 -2174320 3145024 -2828309 624039 -2170961 1909238
11436302 -1354868 1100297 1872874 2536167 2518955 1906258
14007935 -2999319 -2150653 -874272 -2133675 -825766 -2405960
8345069 -2214028 269790 3118281 -750543 2410961 -2709144
1472262 1005726 -1738783 2952883 1143506 -673267 109145
3733333 1785110 -1173901 -1481785 -1390170 1027938 -1591329
8998008 1200249 -967902 -1021317 -3229142 -30395 2226057
12657350 -2301273 2090801 1295289 -1802252 -1930365 -1185195
14858812 -1518637 -474609 -143018 -194539 1661060 -2821597
13562774 1552413 2650428 -1922857 2102865 2616091 1812996
16393689 199323 2915085 -79681 41016 -2214748 -739354
10859971 2676692 -1067152 3217647 1085079 3220683 404020
3373514 1374607 369302 -1709507 1987222 396841 -1831479
1236546 2805712 1566669 -55919 -2518838 -853195 -2393068
15461293 39571 1987821 -2553986 -1018575 -571783 -1923579
7409013 -275370 -2680888 -1597988 1924803 2499409 1804413
4931296 -1774460 -2496959 -778803 -2892784 -1804872 2815937
15799281 -875443 2258490 -499856 -157312 294822 760443
13113630 -1954329 776941 1379316 -286724 2292231 -2662465
14426285 2689081 2938434 -2767128 999462 1540778 -3140266
4256465 2956776 -1995725 1347652 -1573307 -2600226 -2935258
256429 3070191 -1603615 1103398 -2406684 1888391 2376225
13305786 719810 -969456 3107810 1209583 -895522 -2941095
4681840 -891622 -2137252 2445830 1679721 2845889 2089350
386890 2842219 -1540238 -641918 -2819674 -189795 -1059988
6737039 975140 2460205 -1780690 -609534 2075737 1371136
2557760 2927360 -600548 -272957 -240662 -1285013 3097379
11899420 749341 -1724505 -970129 1483425 -2029335 3269757
8810016 -2591411 1875371 -966613 -1433516 1015145 1445641
1949740 -2094077 1055975 -2991175 114579 -1071734 -637091
1207218 -3050826 -807369 -2965359 492506 -2238289 713201
1721665 2102368 1712087 -2033168 -2171939 2911763 2154611
14312310 -1841980 -2344715 -1959664 -2416689 -3108348 -989940
164880 2442650 295292 -1500941 -849745 1934198 2426485
16391506 1620115 3245270 -1694697 -2369244 -1505584 -1169900
4817328 -849775 812288 -1630686 -415064 3254712 2083058
5848502 956469 1124057 -2611935 1576619 1322177 -2835440
16224313 1544128 -621805 2067898 -1225253 -2490476 2097695
11151519 883923 391462 -2012820 555928 1401917 1366277
4360558 -799508 307812 -3220321 1296249 -3234130 1386535
11215235 -2976921 -2368793 -9460 -2504317 2587806 -317397
2010340 1401204 -185680 3208589 1644290 -863143 -1816201
4935259 -242400 -2354444 515680 -996756 -798618 -176382
3437272 2580211 -1140123 -79534 -2292335 1037979 -339383
1044914 2536314 129341 1379474 456326 -1588564 -429655
12420725 -1896286 -1958850 2526978 1721432 -799205 -1055964
10032507 1641578 1127503 3115191 -1467440 -649228 2090156
10829440 2482162 -997092 328674 -290803 1438658 1720298
5233007 -1083789 1685349 2976140 2478662 -2636971 1055285
10663338 -2777761 -959091 2010683 -614809 -417782 175133
840536 1664298 608305 1073929 2032399 -2568189 -1128839
10282793 1062965 -1362007 2768674 1816686 -1527042 1215407
615439 -2383046 1827714 -2028273 -1556862 1967533 -1554339
1497436 -2533989 -1064705 186732 830900 -1078353 -977598
14370663 201041 514598 2285888 -1870252 -1150540 1066825
11659774 1824446 -1291753 2143810 -525849 2397964 -1119181
11044660 1391708 2850357 2231784 -82067 -2928502 2801118
399571 -444903 2337096 -859035 2003102 -2649769 -523231
4629353 2535193 57229 855785 -31885 2408319 2656235
3892280 190713 1058555 -1123205 -473564 1568919 -704646
11317962 2730178 1906572 -2400257 -286562 1552272 -1388031
2998645 1747764 -1417886 1921504 1288743 -2351092 1356401
8592735 -1701269 1779189 1826613 -2096146 -2852187 -681993
6133606 2074628 2775866 -2423814 -226930 1487062 -94699
11035891 -3072942 -1203567 2055593 -1462893 -1878011 -2802427
3329779 290001 -1724156 -752988 -352665 211559 2039318
819082 165049 -1957993 -392240 1135837 1439562 -939348
4225395 -2730855 704235 1032128 -3026243 -1784065 593285
7584259 3031060 1879048 3250829 295540 1521957 -2523856
12451134 -3256863 -836762 2855236 2553968 893302 957914
10205290 -2078231 964456 -366175 -921451 1429903 -872782
2117719 -2144036 1537696 -2738866 -930183 -1295149 1773240
4487324 -2552363 -1187263 -3053979 1285340 -216874 -2542933
11163282 554019 -662514 837023 136821 -2800187 -3108518
7301826 -2125034 318275 -3061629 65957 -2835689 -3047052
7222383 396711 1700336 -3122106 -1295657 78412 1972111
13541802 3170250 2562877 1858814 500354 -1963156 2026560
1329493 3002658 -1376188 2745475 -973946 3275236 -1063844
4620166 -910661 -3183045 -2854440 2153407 -1100003 2568774
16296012 3095922 1047322 2772113 1059808 1565525 -1900725
7636046 3272415 -3205895 2324005 -2619624 663751 1057871
7877176 -1596677 1719638 1448879 -2651123 -817259 -1387992
9645582 -164992 1590930 -2212508 3161223 2222467 -492534
1026227 -324166 3098165 -2790136 276603 1375163 -1894480
4739026 -350246 770831 -1627480 1505842 1837161 -1033241
15297591 2453549 2741040 2706463 -2793010 245120 2260403
10459089 1714377 3054578 -770552 -1555834 1840967 -1072469
8468162 1590763 -2458012 221068 2416133 -2538231 -2179881
4396539 -2716686 480757 3218251 -394237 1666398 1717269
2549868 2619551 1704844 -1071733 2737251 -1676190 -393403
10408079 -2882039 1571539 -627346 2098260 522618 -2165439
15429065 -1806086 -1566082 -67113 1786104 1231196 -60589
6286993 2100690 2418119 -2483914 -2394250 2223720 -1705919
10498144 1919492 -2253247 -1768905 -1312856 -2676055 1194676
14053448 -1849730 -926106 -1777975 -3101659 2374527 2378149
12685657 2961789 -1262886 -726410 279678 -1771549 -210368
12024245 -2044100 1823340 -2106943 1089114 -448591 -2133003
13042616 -1764477 -1696705 -2822360 -1889413 147068 2911851
12559667 -3019199 2012496 -889231 -137904 -876221 -1399626
6856503 -3108368 -1285436 -2861166 -1219982 2384498 1930832
11071957 63861 2828916 -714484 659502 3142941 -481528
909412 -585267 -1405388 483744 2943804 2309450 -273646
2309095 -2549215 3133858 -3247948 2753459 -362775 -397824
6183296 1651693 501221 1389584 -3235894 531469 -2792387
15417733 -3008225 -2275609 1713823 -3140972 -2972398 909406
234146 -2535779 -456380 -1179997 1701545 1294353 -1238109
3259162 369436 563124 -1875094 -2262435 -1988112 2384579
6052998 1371633 778126 743955 626883 1450661 -2439712
12520371 -2762778 3283506 -2138275 -2201840 114152 1375830
9095894 3063578 2715267 -595185 1186305 1279687 -1241669
11791810 2199334 -2047925 -2384699 1471554 -2205395 -2979018
7646925 -709988 -763708 -603597 242926 646253 -2858005
115571 1273301 -2639427 1188151 121503 1032248 821461
15804339 857309 850145 -1942351 -622578 946849 -3224080
2911542 1874358 829256 -2229420 -2101044 -1503487 373134
3328318 -2343019 -2802240 1027739 2122116 -2161054 -2347462
4600883 2865771 959605 2445887 -1469811 -769977 -2711668
1001512 -3044522 2942536 -1927231 2649037 2119288 1772802
14040300 -3058530 2515739 -2517201 -1905240 -3215323 -2512173
