1000
15385802 117894 561844 -3220383 -3115976 451198 -486006
10868218 -2676035 1985723 2919383 -428219 2282257 2284103
26481052 397882 -2109538 799976 -2878153 1668179 -1460647
20314398 -344118 1021022 1290546 1795271 3006721 322929
5590935 -2014381 -1787886 -780385 34696 1337597 2953369
16854018 2612676 -948748 -2202819 3119178 2955839 -2028071
17221219 -1636306 -1491208 860012 -974962 -2723968 -1330381
5570153 -2512546 -1053951 -1827937 -3060141 -792336 2663337
9299197 2370426 -1691454 -1460950 3149449 -842681 -1251852
25280377 79780 -1116359 1035144 1747444 -308829 686671
20535740 962914 1533279 -1272259 -1718344 281590 3289618
22123021 2568135 2532101 2591511 -343472 2330887 -2646434
15209293 -1316999 1146751 3153129 1463229 -945341 314230
5896593 2284427 -1690391 -2533936 -2365507 -459041 999038
650496 -2259365 2570112 -443580 1325221 -287196 1918911
30117466 729454 -1883810 -1140407 970543 3126202 -2770518
1043225 2350410 2861975 3256913 459804 2786184 2175368
28982787 -172031 893547 1879510 -862875 -675657 -1582418
19427248 -1388024 2667817 2877703 -248098 -3279673 1477470
2233361 -2533380 -417407 337120 3097136 1386147 -783364
19634921 -2866750 -94235 -2158045 -1119511 -544620 -1470317
23959144 -1723119 1134347 -3260577 1566114 -2653960 -2424900
27435965 3136816 -3149754 -141299 -2081132 -1249406 1440482
9841155 2913645 -3031372 2322291 1267805 -1663966 1826957
22668263 1178046 1803787 -512664 1938983 -1430834 -593903
29008632 2727679 1360300 -446509 2677564 68097 -351445
15547688 -1824865 -686761 -457589 -2538495 -1136430 -1892950
14008666 2720407 -769075 2522159 1247089 2377373 631880
12469555 -88061 1872098 -2888956 1114018 -3145598 1955202
15157710 -323129 2353431 220859 -1833515 1806880 742242
2449018 -1557516 2424378 -3118430 -1106797 -2192144 2305281
17089942 2956775 -2231396 2858455 -2706527 2465149 -3263285
29424711 -900154 -847904 -1746995 1770167 929691 -133389
4828041 141448 -2229177 -3183308 1204024 -2782697 218916
22726660 75207 1950918 2027357 82823 3127025 -276122
17708128 1539274 -2860425 -2577165 1144574 2013530 2925710
8852724 439081 1314337 774452 907838 1035536 -314242
27017970 -27668 1699547 739206 -3122182 -941103 -1476543
15842535 -2356683 846923 2677696 -3185290 2311032 -137349
31076722 543269 -197359 -1889869 3014237 -2620554 1807158
30771458 1311879 -340100 2307085 -1252113 1496587 779337
6516012 -562502 2947123 1940356 2371453 804654 2489894
10796556 1355509 -1037829 -2659710 1287878 -1546228 1899667
11435811 -3225472 -2357127 -2273153 -1560063 -1174533 3136545
12694746 -2441709 -1132480 -1107311 360895 -2354838 -1348308
13896014 1986248 1714980 885257 1082816 762523 1679584
15366884 -1400116 -161494 2117480 620593 3285190 3271638
3319262 1281189 -654521 409922 -1906147 -212741 -227605
25002718 2971344 -2048087 1079783 -2245852 -2683027 -2252044
23753954 -1548674 2597861 217749 -1218612 -185651 -3272643
3895560 -2076748 -370198 771114 1916928 -1034581 1842545
31195188 1488998 -1147894 -1760149 -40148 -1634051 1402346
16575431 2300333 -1986982 -2725742 -3204257 -1244302 2908386
793569 230558 -1334362 -1628494 3183899 2903952 3004177
3177530 2066604 257730 -1591161 -2531596 2853908 182519
21544740 -56798 -411021 1133046 1379765 -739355 -2552350
31853197 -875229 -2412106 164625 -424483 3213647 664254
18553915 -3271967 -3276600 -3106255 1456417 -1383461 -3243493
14834345 -2755222 -450328 1463427 1605185 2228360 1504467
19860905 -2451550 823361 2942287 2935149 2815870 -2396369
1910913 -357526 2749372 1323549 -526164 1078338 -2645777
17811003 -1007381 -2536676 -2481243 2825380 -28784 1906333
2836655 -2108254 -2283668 1286012 2215161 1338484 -1853208
14713203 -1054797 -2595751 1876281 -2209119 -794159 1058616
27057389 -842771 -2571132 -1956683 1984556 -1151153 -1628358
23573584 1834186 259632 -1197426 -2393709 2472907 1126001
12456141 1655550 -3170392 42002 385997 1758475 -1922026
23614947 1643798 2676174 2956984 2296974 -1793600 -2318169
4260282 1224814 240005 -2557032 -360732 1193921 1092199
1887092 -136609 -318251 -1400377 -1948092 -2144105 2686628
26677236 -203794 2190844 -1554069 -51562 1543213 2650074
15290643 -1047456 -78749 -2276014 -896833 -1272941 -2422092
7823048 2935453 -1646038 -2200549 381086 416059 726568
11134591 2537574 -1468924 3123021 -2213950 2422665 -309998
19779901 1114700 -1850457 -1840223 -2164557 -2147112 -589398
28340011 487282 1147397 597464 2192224 3121069 -2033970
15215185 544412 -2466638 -2285683 1408417 -199464 -1823920
26134252 -2507202 -2615602 1340912 1531729 -522818 -1205007
10231274 -2479404 -563993 2781460 -128674 -2365732 -3195401
28044924 -2763450 -1946736 -413179 2487215 -557369 1633601
25663717 1686083 -147464 -180483 2804001 924212 -2909873
24101906 -60575 1584700 2884614 1284898 1161099 2167206
15892906 -1185097 998092 -2427534 1512295 1911690 -1223806
24958895 -2886941 177643 3095735 -2219885 2448523 -358525
15138061 -1439049 -2409726 3054689 -2800880 2562181 -1532756
5029843 -2449857 -585158 491144 1299341 -471648 -1166478
8840791 -2880885 -2523447 -2209309 575917 -1910276 470952
30084550 -1551587 506151 2709486 -1199270 -1298368 1430528
22461428 2318954 3153713 -1768136 457664 -1830728 3099081
12240439 -1493337 1444797 -2791487 2059995 -2819894 -2872449
1352690 2878451 -3134928 -684270 -50984 2052730 -691090
9562577 2287355 -133040 -2890176 918906 -2906732 -806022
5864608 -1469915 861822 -955267 -1020491 2223394 3133369
21862793 -186541 1469263 -1972076 -3223502 1637770 1013312
1017069 -2834556 1537243 -520503 -3295951 895253 -1056744
3652433 1961516 872844 825388 3168788 585317 -2695692
27269308 1154777 -683522 3071621 -1525185 1628096 2437847
28688976 123713 -1621735 353737 2623379 -2594485 3266920
30990815 1481793 2374934 -2274569 3208405 2940891 -2112407
16082904 -1170104 -1114099 759349 2256560 -1933548 -1660880
10699777 -2336381 37814 -2073597 -2811228 -2193991 -2656074
1318742 1731491 2381876 -926430 -1499910 1318380 610518
19575178 -1416158 2097077 -1642987 -825008 -2587708 1338472
1698661 1228052 -1343751 1381053 298686 -2889813 -1115314
24943671 1994684 528794 -363614 -1612079 -1324671 -1738976
685476 -1618490 2291746 1323335 -3210609 3193196 -2140739
17272096 -3104304 611005 3000221 525076 -942169 -1691793
18085899 1354141 2825345 2578560 -2488473 -1269245 -2433548
8955312 77971 166953 2633815 2404909 -1512663 2485001
4227202 2573745 138973 706732 -2371320 -1014094 -1081200
20532216 1905449 253412 -3214273 -2612728 -2973119 -648181
16677427 -2411747 -3129089 -2854824 3027405 502871 -187610
21948156 3078364 1909830 3123419 -3242830 1233714 1550355
24379771 -1086193 -187248 132035 2964736 -1599367 -2983061
25236372 -1674890 -1158674 -2137751 -1731827 1491928 -1954635
27011228 653453 1461853 -2738958 -21499 -205117 812377
1474749 1557066 2770055 -2367257 985092 1766938 1298727
31020094 718113 1121616 3142423 -1092144 3184917 1628661
14179302 -1955111 3277081 -2872997 2287027 -553036 1394935
13443097 1324358 653026 2202359 -1040075 -3058895 -1523563
13447659 -164251 -2192266 1203331 3114439 1005755 2055953
4452100 2770348 -1442308 2796099 3114602 2407631 -744107
10455813 -1781370 -2038169 2306942 639157 2744069 -1818670
26634194 -2674996 -2718648 -727839 -2000380 -2269344 -2330984
10513344 -1422697 959474 1071818 363144 -539580 -819779
21695976 27707 -1451606 -2019822 1654386 -1321836 -2845973
32277812 79008 36211 -1600855 460325 -3029547 -2281941
27459912 2879776 -1050541 -1377456 2524286 -1458409 1471822
16179636 3110440 -3211797 1070048 -1533504 -2741960 -3174821
14558113 323153 2094972 636369 -519438 -1210536 -1528428
15379770 -2515657 2659585 2982876 1483009 2255399 3147681
5832741 -532598 2129201 -1031042 -1271850 2118692 739416
14390681 1804116 2180787 -1855988 2748868 1304326 -2440233
19695818 426209 -360538 -2643827 -338405 2982327 -3242069
29856682 -2336758 384063 610242 1649754 -959807 1779959
1088057 1499165 -1361298 876764 1435149 602890 -981766
2716495 -3073508 1737991 -2572152 -2678470 -1359933 -1251128
2355329 3118476 1162404 -3144663 -711132 1081148 2966977
5790691 -488410 414315 -430491 2376933 -3244322 953769
24194989 -2996224 1515769 25053 2729800 -1792147 909586
12866832 -2415060 2194513 1439517 1149182 -220379 667615
8030226 -1076573 3204545 2243444 -2162455 234019 -2748217
16086799 2607603 2456065 1081812 907315 -589876 1272931
12802818 640390 1636147 2787203 432800 3011165 2392544
38741 1869053 2320045 -2544596 1393821 -847044 2095922
18973444 173887 -673254 1873045 1640600 2775025 705170
1710280 -3133145 -669986 811389 -1996352 -1844287 3091317
15338698 -1756442 -2369356 -2426934 -312445 -1077016 -2582342
27273430 684820 1329530 3227854 -2109405 -2549479 2851731
7613218 -381019 -2000118 -3111063 -1123175 -2487927 -2685452
21808917 2185667 2369640 -1116747 -466718 -851282 -1945414
15142893 3065917 -1529945 1283344 1084866 2396486 2748099
23763596 -2272058 -1033455 1067388 -2883950 1218471 1457302
22376562 2585624 -2227011 -3202425 -3246542 -1388274 -1608390
11862497 2458666 -254991 654800 -2790630 3127437 -634022
16259500 -784550 2606781 1502258 -3118423 588924 -203127
2042825 -1522908 1238350 -829838 2906733 -3027470 2936805
11696448 -2632737 -1540091 -2641378 -21034 -388119 -2290871
931740 -14892 940948 2159992 -3025349 3256958 -1242947
31351153 1012721 464907 1992901 -523933 3065586 481944
12773845 1496063 1831348 -1695067 3019587 -1761225 1240881
8303124 -1257467 -702958 -2160521 1229022 -2806692 -693217
944326 -1100026 565785 -3109716 -1151571 1738024 -807432
3616971 210926 -3090512 2166945 -2867865 1935649 2714154
1483930 -869621 -1621018 -1093707 1249166 -2215933 -1024774
18637214 -1566357 3075584 -15865 432218 -1856816 -2223905
27240530 -2617748 -212179 2511387 -1979398 2071039 2998051
24177573 2340739 -809591 -2434828 -1277840 585256 -1872454
25696761 827157 -226021 -1527603 -1444706 1034355 3152490
10496280 -2651026 381316 -2115635 -3172025 670257 952368
20723543 2684432 -1111493 1528923 -587255 1390469 675742
24649792 2649245 1141003 1227559 3197291 -1065526 622762
13136450 -2210910 -257478 -1169091 2026416 -3290520 -327061
31928219 -51810 -940198 -2756782 2840808 -2733861 -1191119
32182576 -895782 -370954 -504963 1019731 -627329 816365
27108075 -1205921 1357373 2013266 1570955 -1181004 1447506
11658174 2609319 -2785797 943086 -1576817 -178512 -1948074
2265823 -2669351 2066132 1537973 2426757 2685440 50587
13401949 -2000848 2692703 2569736 1759766 -1793727 -315033
692817 121852 -301851 521675 -31477 -1407004 2275296
13182807 -64011 2805305 1516616 728699 2079881 -316668
27465342 230765 2244281 413859 84376 2931646 2467341
1450422 3224903 2896164 -1160149 1155154 -1629773 -1145807
13166450 702610 -538410 -1689559 -1647698 2141991 -1612908
6793174 118909 -1150305 -550009 -874878 2915752 -1948760
27531417 -3139229 2888260 750560 1082119 1068858 351753
8190598 1187687 -945970 -3125630 2649532 -1994826 -2681496
22024543 405229 508707 298647 1309891 -729089 859727
32141987 -3012348 3171676 2794135 -3173171 270874 -299880
18951569 207457 758432 609606 193683 78220 -886566
7804404 2327330 760226 -3107638 548581 -369477 -272745
26047898 18490 3103910 -1033835 -725517 -1782600 -2854067
3203871 829948 -1292001 -957588 -538316 -2344132 -591225
4275135 -1784481 3022808 -1666291 -101736 -2136489 2234111
23035571 131384 2563578 189710 1700553 246695 636108
20189107 684830 1432301 -2561937 771994 -1069740 -849832
23699228 -872698 -3075762 2351363 2664832 -2131758 -2430331
25228291 700194 -3062368 -2988245 -342115 -2558350 2371386
14377347 -1878811 -1399863 -1702644 1235067 -1403928 -772233
16216491 988386 367128 -1271729 140617 2489163 361588
14465635 -3149135 -709740 2973071 -2197762 -762146 -1600828
19460455 2252566 2248897 1530048 2600654 3234992 -879404
31853973 2823691 -2553549 -651740 -1130670 693533 -3190996
30204819 -694643 -2412413 1304358 796932 -2018433 1358347
28650332 772656 -2382472 -1077579 -2802955 -1372530 -2108773
4769076 1666653 2199849 -2329277 3000014 3234188 1126962
5902401 3041374 -468225 -2328115 -2403672 -1943207 -1578900
4875245 1278617 -2971369 -2138959 103624 -1152804 545842
10221161 -3296830 -1568747 -850829 1590830 2984761 1785411
1346267 909480 145567 2519017 -705479 -2605179 2525105
30097698 1141617 524332 -1736048 475665 197976 2512765
26594097 -2783127 2458372 2004629 -2703714 -880301 -2953411
10923586 -1001575 2182341 -3107518 1129950 -838088 -925638
19425364 2434648 877721 -1654277 -3089914 -2546610 -2513086
21288440 -1415604 1430860 -570493 -496263 -1713568 -1329396
18267280 1234812 1633820 1783315 2944023 2013396 -1311134
14256096 1500106 -771809 -2150067 -1439635 3267974 964695
14333329 -3157819 2449469 2043767 -1801237 2723951 -1822426
1959668 962921 -619678 -766289 2946260 -1448097 -431307
21848299 1951442 346658 -2065484 67236 2407827 -875193
21457534 644353 1744210 -2877314 2271039 -2612702 140904
5112003 -1472761 -1406847 -2560439 -831605 -1732041 -73213
22679126 82304 2687489 1945944 -2347086 -3088102 -1671953
22300660 442265 3092350 -204706 133527 505634 -1885400
6422418 -2386662 3066779 1356882 1686233 -1726391 1904354
29627043 696188 1524740 2480242 -2350050 507063 1103502
18605289 2571451 -1885037 -1653512 -2518117 3127002 1690093
763659 -2368520 -1044130 -643665 1753587 2417147 -1583828
1720047 -3055148 -1529879 1574429 1517780 -1498776 749138
1153482 -3206380 2588737 -1747261 2003969 3019060 1847968
26554685 -3049199 553892 -2337870 2147156 1125670 -647151
20692553 -1100346 -679542 2270212 -1515830 2690363 2820906
20777590 1483410 1451008 -2886796 2802088 1055919 518376
23665520 -780622 -2511963 -1437566 932693 -219319 -944210
8932531 -525972 1281921 1952798 216942 3288242 -903811
18809816 -954498 -2665965 1926929 2396077 -993654 3033085
12890719 2684336 212119 354483 1277611 -1499553 170418
19243695 1436692 -2795748 944856 -1299144 3042236 784839
5267060 -2045027 2533348 907493 -1170597 -3296935 -2551384
22328303 1305255 -635501 1592128 2865694 2611685 2749823
14649636 1928955 -141817 1522665 -2544140 -3158966 -2253464
10630440 207297 -488775 -1556074 -1623801 -531612 3080917
21613617 -207803 503747 2497048 -808909 2402826 2187099
5490050 -356943 2996586 2026444 2056644 2393091 -1223863
6648701 -1462512 -900995 -571030 1144838 -2580445 -2014504
10646179 2475293 -233623 -393816 2212693 2574320 985945
18274754 -2996490 -1134306 -192266 -1220642 -3204429 -1487031
8430895 -1865666 2152139 -24928 2010797 1630087 -1628349
32339068 -1169284 1370989 1846003 -2377033 2787549 -2394771
9904427 1531890 -3178488 -610780 -687864 -1106989 874295
28522794 1404052 2469659 1007233 3101940 -312208 -2802906
26516048 2625931 2831902 -1986386 -2948446 1902186 67663
21711169 -2214324 1640442 367081 -1243279 636664 -3105410
30063879 1911275 2509050 1990141 528136 4816 1389574
15404761 -2762568 3231210 2926972 1287993 341956 -1187186
30896719 2698453 1043091 -1177194 2207445 2131174 -703949
8614190 -886873 -2075105 2082352 1018220 387647 2516133
13207744 -94448 1785869 1375038 -3258033 -2436814 -2051014
23073104 -1453543 -1657868 -1857348 3058057 2716043 2993003
21662908 -2497706 2637368 -1393479 -2816733 -2353624 1457580
19935788 -2137640 -1733193 1261875 -2160721 -796731 3180325
6233377 -1323307 678107 2896279 701749 1302052 -2159443
821632 -2471495 -736739 2017321 -892563 3305457 -1679090
15623041 3156364 2458102 613991 -2375100 -841108 -2580786
30784562 -348382 646149 523817 -1056595 2329680 583733
17399065 337156 226898 1920721 -71444 2728107 -2620008
20082306 1964357 457287 2966816 510830 1413087 2733840
1284829 -533449 -2580057 1555790 1689648 -953107 -2155447
17512780 -2633749 1773043 1564513 -1835663 -841865 1678460
4101667 -1463588 -1718944 1995721 -2852568 -155673 1637572
127407 -901329 3173301 -364283 83572 236671 2790202
24747299 -1798445 1516435 -2077023 274884 1900432 -1422393
11126305 -3089728 -3287800 -2148198 2170223 1181073 -753735
24438701 -2697232 -2086704 1975809 531429 1048873 3158277
23270024 2161225 2514923 -2354790 2246162 -679737 -1605881
13703955 -3153244 -2529357 2226233 -1615387 -2321026 -214360
19341626 -2786525 -499625 -3058227 1849075 1167758 -1017736
28215147 2487226 -2546865 3170204 2632417 -1045010 -2701476
27763454 1033546 1791973 -935091 2749317 1650514 675095
27175807 -3041950 -2837303 1362877 -2307804 -644514 -2448329
14425025 400610 -1144071 -2136687 1453417 1855817 -396556
8628605 330434 -854699 3022293 -2987440 -736371 2289954
24896298 -2130664 -3037253 1416150 2570169 -689020 2200775
14011302 2908641 -2023803 1700266 -338473 -2174186 1564946
19088598 2508463 1154698 -1006741 -1165604 1409070 41596
22624323 413494 3088659 2192308 1153812 2789947 2966236
21238093 157404 2308031 -275873 -36460 818967 -1118960
29786819 713098 -911333 -2411715 -707528 3067639 -2437323
28699123 914416 3099573 -2389040 -2886787 -1986340 3137828
14905367 2081121 2862578 -1710011 -1451989 2679278 -28939
6155800 -3049248 -1765848 -1645504 -2773871 1049840 291654
28037831 1519266 -303847 -3173290 965920 -531421 354966
31827689 2704108 1881827 603406 -2392366 472598 571894
2119641 462503 2907794 -3208161 1680893 -1925725 -1502035
5200972 -3107821 1831978 1585285 136247 -181781 -2891566
11727697 -1115350 -3005902 -1251547 2999316 -3081714 -2768935
30672256 -1051187 3012019 1660008 1248359 -1819243 -2409562
27877524 -2991058 -905382 3028977 -1887045 -2237893 -891559
2350386 -270267 -3174485 1359588 -1433464 -479398 1118429
21082836 -3220810 -2865859 1829952 2202663 1483510 -1886211
28733985 -1928130 -2017436 -652939 2210389 3156110 -790466
19329423 -572201 1269753 2221767 3042556 -2402267 1914254
25803764 2506664 -2238991 1575342 1840424 -1483312 1318968
22820208 -3205164 -3015570 -2021490 2377348 -1948095 2902624
18605870 1467150 2583584 -1949701 1610427 807424 1208855
4388948 618076 718738 -583752 2575398 -2154332 986079
4818473 -3279333 -3131868 -2284433 -898684 -407069 -3069329
29153790 -1755938 -1767852 -1097078 1661130 283689 -3052610
2420064 2905748 -2385820 -3204813 -1041573 389140 1890633
981164 -1262640 385668 235373 -2975490 2510049 2513369
19536859 1699954 -43605 -366658 -1226217 -2430385 -1194003
19719528 1966807 -1025276 -882376 839232 -1953063 -312614
12267439 -468654 1596845 2244593 3021097 1018258 -2169282
4824224 -1655211 -1055519 -2807040 -707133 2886367 1054362
26433267 2827876 2140600 2902765 -771875 1436061 -990865
27856574 -3213580 -1877361 2944338 2381673 -2876279 -1941250
32507756 -2735503 1727436 774434 3113826 -2067230 -1458063
9947232 2292541 2202057 3282140 1367605 1531603 3097727
10027978 -1749366 2980325 1455971 1388420 -34627 -458223
29755241 1519544 98676 2303149 -2435696 2967180 350362
20093921 467061 1092474 -1531985 -1781179 514050 1138272
29072038 2204168 468917 -225256 -2111923 2508823 3031233
3207465 358814 -2059985 -1894938 -1086585 230355 -2440062
30673706 3124406 1243000 1166813 -2937333 3123623 -1338056
23549687 2752122 172207 -2196298 3288629 973355 123075
15930403 2692759 1780681 2765341 225271 -2920414 1381536
9574329 -1300760 446786 -1918818 -2641371 -442670 31595
19790803 -1945113 3066979 -2577860 -360096 -2543901 3203592
6623374 -1622161 256878 -2208072 1208859 -3215614 -186401
16653255 1046357 -392535 -1502530 -1729198 3267175 476119
23794324 -1584319 2763792 1252201 2471107 -2588834 1667363
23422347 2910056 826665 1176863 -906644 -2270182 2076184
32706271 1841849 -2451090 -86167 -266436 -2302696 -1396102
26511093 864491 471691 1672857 462646 -1193418 -3055142
19279681 -3170948 -2825657 2141027 -2618049 2519483 -470867
27332310 2662821 2534705 3097011 2965909 -2407227 -488024
23271036 -1677926 2877497 -215080 1907496 -2419661 1020324
10432844 -2657857 1962194 640732 -3170748 1845755 -1347113
1643818 3279913 -2205789 3064829 -2806439 409882 2357225
29855834 -3231137 1324937 -277792 2409227 2487034 -3003453
7539182 3160184 -1544540 266027 3107612 691767 1969059
21633126 936064 2505945 -1436819 -1868316 1690105 -1993150
28950056 -1404035 -2228274 -2640621 2658738 1059432 2067473
29583570 2363812 -638690 353608 -1162969 -1931284 -1625612
11984477 -2614814 -925436 1424559 -1667922 656212 -1837750
25711716 -1054381 -2804365 -3258715 2336415 2310712 1851806
2885253 -3082506 -2940476 3034464 404787 1312855 1407955
13234606 -743893 -3071076 -803915 2707331 383817 1047583
15354579 958748 1554678 2136364 1609858 -3123654 -1479811
19150734 3129146 2084123 1966966 3039751 748085 3224203
17060968 -637304 -1822100 -790922 -1422366 -123564 -1570726
8755727 -2255099 -2560320 -2523176 1086669 1416815 880243
1784056 -786307 770663 1977390 2086877 2938585 472766
17357422 -2598215 182001 247239 -619905 3167049 -2733087
16814187 2930630 2325751 206104 -693929 -2391914 1908243
7556046 -1271940 -2888993 -289762 -2524194 3229183 -1013928
14052486 246480 1354056 1920488 -2648220 2811513 -2545038
9251789 -318305 2873786 1584813 -1547753 2250921 3270970
16463256 -3223696 -2887367 -618176 -1242697 2913284 1920225
17766101 -2848597 -3286966 3053147 1259362 -2123953 458967
10294085 -3270136 -407449 1423049 -2046677 412270 1080513
10846388 -3125846 -890469 700712 -1500808 -569490 2879380
21428438 2347399 -2287481 -212142 -3077555 -3256986 94790
19119412 -47963 483113 1268303 1326709 2899838 2543705
15614343 339705 1237461 2396036 -323448 2071035 962503
19997803 -1132550 1625374 -431225 -325609 -1145629 -45294
15942015 2612269 1540177 -2905624 -1804607 2170042 -2480780
16300884 684026 719274 421864 2223550 2864544 -615768
11275740 1654186 -2332895 -2687240 860542 -3286063 -866542
4090981 -1055166 -1563986 -2294917 -845378 1364544 2437504
16267613 1749783 2831528 2361870 836955 2789936 -1769786
26564599 -1439549 1911779 1473023 864065 2029812 -3194597
20883686 -1514433 2725710 17543 -2503768 2489748 -1964282
19019929 -299588 -1475914 -303274 -1181030 3136246 2548109
25752599 -3042173 -1643388 -2080538 3223776 2981853 2318919
1982445 1403343 -2421380 -1415385 -217667 -198762 -2961631
32596381 1658364 603069 -2175858 1680768 -1314858 47590
40673 596936 1881019 1182952 3192022 -283674 2911280
22374344 2579673 1978221 -2721272 -955367 2453931 -2541399
13698679 2532822 -3006648 292914 1661869 837316 -2011754
19413307 -1729166 2142418 1103739 -1039078 1682984 -719605
11885493 1715599 -1824111 -1573248 1519954 -1746527 -1542087
12156151 2994404 1961264 -2434482 2901760 -3154569 -170719
10339558 122907 -2388298 1499444 218335 1378263 -568604
25424696 -3212058 396002 3013265 1602691 3153321 1819508
6816111 2022687 -1091181 1858391 -2057636 2717060 607627
16725518 521110 -2446923 -699992 -1082365 3050111 -996612
2203364 -2962443 -2578091 2312119 3185988 -467483 2510388
22258022 3080688 412334 -2307814 1547053 3091712 1929713
9235697 -1994600 1901356 2992842 -964976 1257149 -2089761
28419071 -2007948 -2549334 1837215 1980187 3141683 -1093208
16405104 -995978 1001925 1039618 2668632 1474122 -939566
27967397 781416 -1659758 -1869547 1527956 475124 2493697
4874585 1533451 -1521104 -640219 3072412 -1972806 -2987898
30607817 2113756 -1629326 2426137 -2608299 -1308716 -2043462
18863006 1667974 2481033 564788 -467148 -3090368 3139884
29178903 -2038401 3159141 283985 -180337 -2875335 69765
26911683 234006 542954 -1757998 -1192012 256570 -878367
18308319 450111 1477589 1502158 2163362 2569718 3161057
412908 -992357 -1524575 -2253899 431161 3037935 3136966
1571684 -2735635 -2455470 -2034953 2821877 -544237 -1393041
12547022 1221233 1857099 2220668 812162 -2050801 -2420709
18505944 1683530 1583392 -1019644 964660 -3062623 330829
30031597 -170286 -897210 -3077551 517996 1808407 -233018
28671046 2585299 848552 -1681732 -305753 -3018693 2522034
20228933 -1487941 -2807256 193870 -2784070 1602208 -2440204
12531575 2957152 -1449522 -2840364 -2342359 403271 -972059
13205665 2874510 399744 -2495354 1594182 2994318 -927748
27453318 2051966 2135434 -443863 -858447 99038 -754003
20531759 2450172 520163 -3183013 1867490 -1356320 2461775
21914859 -938961 -2414310 -2774509 -1811776 407547 105144
7233305 -2473644 2296741 -3083213 2704972 -612429 -1375201
30836876 3011757 1686678 175531 -2444431 1567299 -3165311
15206101 219198 -445435 2216187 1988018 -2524499 -2801105
30632847 -1919416 -3281693 677239 -1970532 -1431972 -1867985
12460478 -2123444 -261008 903633 -13479 2471308 -2543154
11697313 2432214 -1375977 -519444 -1371567 1670771 -2514663
24666538 -2579444 2154439 -1798808 -1872924 -2400456 1470312
5527546 2645875 2274507 976856 -1640055 -1062472 -2038355
25369170 2122058 -1021362 2286430 1926904 1077444 2401646
1581999 -2633076 -2096764 -2580549 1027870 -2359231 -2199734
10266021 3204068 1196375 518361 -380045 1147929 -2620501
15258863 -517234 -2495157 3143423 -997971 -3196759 3094892
26493093 143800 232694 1551290 -1559527 246960 -1219799
12962710 -1951201 2210128 -2704302 -695639 -574450 1827355
25857976 -1582398 1242520 -1403583 1826180 -2230760 -2340433
21148550 -601079 640337 -2184673 549605 2122583 -3194760
668408 1696235 912358 737798 1852979 2428586 438728
26750120 -1625939 -3168322 2769920 -945482 1918640 -2705855
8868628 270819 -2703543 2524143 1688261 3044740 -539421
28931911 -2857558 -2488903 -2084586 3115242 2510604 1502447
23221661 -758088 -2352310 -467362 1113960 -2546982 -1283489
13110574 -2887173 1441647 -822927 2313713 -1227329 3278421
30187865 -1915681 -1832481 -533383 1730071 -1901896 -2835286
10911133 2635401 1622056 -3159339 -2610382 -118439 307800
18241339 -3114456 -2236429 209356 -1684876 1507939 -457688
17053200 -995346 695759 -1204166 -931616 -2725779 -1010947
19645033 -16416 2279556 1092935 2092575 1638960 3142261
24638071 834093 1497686 2487386 2744783 1979145 327307
8470741 -638023 1838749 -2021065 -2231166 -106934 1862833
15507991 -1858926 441957 -2004344 -342408 -797963 1325821
16035870 -2096713 -1087947 2722096 331459 249620 -1976414
4060120 -1089522 790385 794632 -2460478 -552064 -2953205
4590996 1013535 1685391 -1048761 -2841028 -2703642 -2298501
2977453 -2869526 1660684 1817944 348130 -3190706 -2909162
23563990 -643397 -215845 -635879 3037379 -1112335 -2018984
9507376 341494 2324627 -2950048 1359376 301364 -2376672
25869999 2215522 -133651 2440191 -818723 1104069 -133970
12257075 3030910 2005118 -370105 -2501983 -2181941 3269400
32460061 -3158782 -2395390 -118154 1870669 247573 -174830
18574359 -2370709 1659512 -1913754 -1788025 1742223 -747519
22269977 -2441795 -2141139 -1949910 -2305028 -1401651 -505940
3744121 276517 -1294204 -1993733 -2232121 995512 -756599
6696890 -2837405 3059359 731864 -1663294 3263267 3026646
12270184 -1746341 -2542877 -2169824 993776 -1936440 -395193
25981810 -706271 1624703 2950375 1522504 -1338751 1150573
16998729 1565795 320419 -3182354 -690976 -1157226 3004117
2613687 2162981 -2387901 3040568 -2909150 -2551982 2409910
28337187 -705950 2448420 -364906 2908968 1279514 2604866
8025364 546953 -3009089 182413 -2455924 566746 -845045
27381003 376686 -2705260 2555379 -352461 -2957294 -2995575
25789533 -35081 -675361 2681122 473426 -986675 468713
17662649 -2933562 -1148225 -2187426 -804375 817658 -3115135
29943654 428196 603878 -10535 1243569 -978502 1525481
32046344 -139137 764248 -1517266 411862 2538482 614613
18562869 2028905 -513748 559327 -2127104 2159627 -1877460
28803498 1013618 2765562 3137279 -1983985 2547208 -757285
1945339 -921503 21470 1192222 1336224 715224 508551
4983851 -1393846 430787 -1149252 -2147499 2090550 -1419089
11653127 -1296339 2193228 3082801 943913 1211500 -2850702
31792873 2813310 -1573351 -1898862 -542508 13605 -2717849
31263419 -1694557 -863095 -1664397 2376838 1019464 -2373963
15712106 2386178 305228 -2835743 1109857 549041 -2441444
13606598 -1671087 -2575021 3159632 -388729 1547409 2960791
4163214 -2650940 -266921 968163 -2289634 -1712542 311468
16491496 1941608 -1752794 2414839 -2350925 111504 -1323094
20387280 2511203 293226 2042186 2379285 -479551 -629358
31243752 1911462 -224491 126020 17742 -1995669 -570344
16867058 1189888 -2185206 299467 -489021 1864605 -753264
28584402 -813548 2619091 1227198 2816852 107496 -2957122
13354222 -2972848 -414112 -1721883 2760085 1922544 -1485317
24581577 2520226 903085 175660 -709744 -809579 -1536741
25582741 -2592096 420178 1143708 1045309 -702958 -2734088
3659298 1124496 -62420 3007006 -1258913 -1059886 -3260747
14931092 -496544 -2819913 -3046439 -2892981 -2789966 1522742
25646433 2963402 3269991 406217 164228 -2258194 1602724
22070890 -2005084 2609239 -3037506 1388429 -1429518 -1848327
25656537 3195903 2514117 -420289 -2740445 1157715 582895
26293924 834030 -674719 -2525975 -2556910 2703194 -148585
27828616 -2067594 704063 2291070 -1638256 -999677 -1392451
21960049 -2014986 -318017 -1120691 -2553516 848403 2574297
18981920 1976672 2896024 602880 -2524202 434199 -932842
17124182 2874577 3275747 -2172004 -2819221 3161573 1584556
6490528 -1628452 3246788 -2377002 -2694645 1877675 2139365
19755315 -330375 550797 2753371 -1238056 2902209 -469035
31331401 515194 -136374 -2588064 1100875 1327183 371614
11826468 -2286825 1929266 -63542 1501404 1614903 -633519
4825930 353099 234184 -2315597 -695003 -854132 -1020256
9232129 3024131 -1588317 1797552 1783097 2653058 -735466
24666108 -624571 1484332 -1078493 -2964394 -2392182 -170979
11413702 1745699 -1625065 -673928 1752315 1527415 1115392
23373342 -810335 -1604657 2936232 -1241388 1659633 3071121
3876604 2059292 1593061 1984414 -1775699 3162009 -580931
26833978 3279623 -1362446 -3096929 2279720 2074690 2279478
14252366 -1565956 -3198272 2192898 1058211 -3141484 1502472
7693375 3242286 -728399 1268384 731140 -3214487 -334429
24743693 -2031535 629290 -895259 752938 -2681273 1034148
20952085 -2362701 3209918 2299525 1450315 -2318767 1609556
3651524 -3244125 2367098 4893 -3060109 434308 -248532
32696820 -2750048 2706255 -801811 1385709 3237503 3303512
22563749 774416 2779974 156151 2090164 -1669955 -2574776
31325429 1641200 -1874896 -2278670 3044922 2476376 1065787
1107922 -288363 1418318 -553217 3254351 -1274020 1052180
28182982 -2798302 -3222174 2020992 260583 -2051274 475269
29171548 2995256 1717081 2755040 -2044197 13570 435310
13055643 1926907 -1984238 -543132 -2346647 3013870 653708
21326616 -1290723 -1560547 1716905 842329 -1635769 -1932529
28733544 2439889 786153 -2900750 -1095520 -2782281 -3000155
14412533 -913249 2512281 69926 -1668596 -533921 3233778
3435248 1506073 335305 -2153645 -2250408 -2567668 -2611807
27000232 1063042 -1534988 3299773 -815552 2349863 -492858
30319889 120995 1768222 2547189 -3225972 -2125014 761281
4632992 -969476 -686602 -2019518 -2181176 2931209 -2126669
11459054 -3188335 -1186029 -394181 -2338900 1650428 520561
15030666 -563682 3076007 -809397 -2835106 -2978553 2395330
10858740 632060 -2920808 1595711 -424621 -504144 536138
5060766 -1253849 -613062 -1317142 560415 -970081 2385396
5336645 -1433388 1726304 41031 934397 3179842 982464
4108112 -806774 3165593 2270396 39015 -2213238 736938
16130943 -2266722 3261238 2607723 2548335 2536777 -1769364
20251576 -1732926 -1217928 3294114 1395778 -2504981 2510192
31619158 2670736 -749914 1605586 -264105 2881596 2605448
22462923 -81341 -2409079 2342601 -789008 1548784 -778056
16422574 -725701 -2748723 -703092 1611104 915291 -1999940
8913047 -1435555 1342288 -278964 2588282 -353383 -2770571
5968698 -2530831 771070 -1502279 -2253567 -2924966 -1462954
30047707 -705194 763714 2509546 1197546 2468868 2464105
25385561 2391238 -1190734 374818 -3196260 3281090 -2091183
2883412 2094922 1761468 -1387640 -580887 -2283018 867960
28692507 -2821895 -181663 -2440037 387618 2457051 -2976128
4521657 3098528 2768754 1580141 -189515 257923 -2444882
22210784 -2049750 -163919 -2680146 2490685 -2835606 1795478
29083232 2089864 -617703 -120256 -2306731 -1851742 -278658
12075593 -1934189 1823498 679919 -1718485 1276493 864774
27271647 -2805323 -3213962 2639881 -1783595 -781649 -2680955
4817637 2785303 -1822572 -2394245 -2459059 -2002994 1740338
31894101 3199573 -2091662 1071104 994355 -1776020 -2737969
28444525 -2019102 -1998825 -2848902 -2539551 329788 -2333561
9048861 722160 2298597 471436 -432479 -1289564 2631594
10308352 -26389 1250796 1711329 3017936 2767562 -2236867
24615434 -1465323 -2103212 697738 1222336 1285774 298262
2938761 2670123 2320265 57257 -267943 -1944062 -534615
5270589 250400 -1064482 -1383684 3096216 -642314 1373099
4472404 -1701946 1327193 516353 -2989232 -648859 2021992
11612801 465602 95617 -694410 -1212678 -3043224 -318466
28975276 -1319352 -1899738 1260863 -2148340 623755 -2768577
7219624 -1271768 -367800 999400 -1442960 2887778 -2862064
513064 2391497 1997737 -387112 2087289 -1384282 376188
8897323 2014200 1120491 2032693 1501947 465371 1399770
28314433 -385524 2677163 627682 959489 -2912029 3176270
27874750 -283021 -2603817 -806598 410075 -1536530 -1570402
14027270 41333 -2097792 -1452502 -3069272 1928132 -2288442
31680929 36286 1472837 1950521 341460 -960704 1828080
789001 -953474 -1740450 -1168279 -135581 -1835820 -1076797
24381752 918972 -1011922 2100843 366058 2568766 1052813
17888183 3078659 1437779 -3019313 -646696 318578 1109985
16753060 -561684 704908 968935 -2434054 308621 -1822419
12120555 3204524 3011599 1796058 -2513831 3222642 3019531
16514832 1111230 -1028176 -3106064 2603474 -2254869 2662407
28299052 -1219703 2920007 -528596 -3166361 -2989017 -3216015
6605157 -2526223 204795 -78130 1194309 2652403 2080554
17730042 424030 -3144161 -1198485 -2753290 145740 1964248
9117847 -71880 3004188 2680834 1429581 -364602 -1310641
27002077 -1879362 1451501 -2501122 1926406 2064247 894369
6241597 -1413481 -2102801 1036270 559852 1169589 2751493
14390174 2139391 3143297 -1412193 -2395429 2713998 -2172121
12461333 -1967896 -720567 716082 -2667759 -826871 -431007
14438204 1305989 -2314262 -1377851 2622008 -1971875 -284240
3532718 -2857499 1394927 278725 -593509 1538266 2112081
27810456 -1880827 -850017 -1732930 2086143 -2457422 1663252
29853299 -3276485 3230489 1809105 2739341 -2165561 988667
30293754 -1134030 377768 -131748 1313649 277140 785784
22496679 -3248322 -1232841 -2488431 -2812912 2575471 1863227
2052282 548662 -2561130 2389274 -351040 2215948 756129
12889236 -2980038 -834629 2619115 -644213 -1206117 256246
10174287 2358405 1714162 -2867162 2830942 -1089413 -126976
12747330 123150 1672868 -1266454 -2444153 -74943 2726704
16781868 -159034 2373417 -1630374 -2200740 217794 974397
12643758 2963734 -3112214 1964283 3061031 92292 -353692
2605398 -2455123 2810659 -2110239 3032155 2548525 -3132540
1017536 2296448 1924094 2532849 -206780 -147501 -3023838
12645743 1095476 -423118 -2775467 1490206 -208865 -283210
3777084 1924396 -1815466 1480589 -413296 -3275586 -568279
25735342 -2332194 -2321063 2209367 884117 -302764 839148
13303506 -929098 -2236619 -1887661 1285003 89221 1022512
8430380 2473161 1857639 -1470921 -2728837 -2151237 2022304
3289359 2256360 -2183418 -2415058 1559177 -1790505 2585395
22220601 -206106 3216271 38523 -284138 1110894 -1874478
29881426 2432365 2808528 -1654782 701275 -1820017 3247957
23276061 2503845 -2208732 -2438882 -32232 -2587404 -279485
25406215 748662 2253320 -3139386 -3107875 -2946363 2808446
10817744 -1763905 1696000 -1779284 -2544547 -401274 -1905148
5758783 2945021 2396547 -1120786 -2014333 2581621 451513
31585202 -2235119 2912444 279318 -2176615 -1590886 1767261
3691334 1959581 1302190 2529144 1236984 -1266859 -833677
8590291 -1096710 2315916 -379939 1595776 2197792 2007573
22161931 -1739956 -532776 -504349 -2856621 1757826 -2496165
16219916 -2671214 3235893 -2903140 2047274 3131477 1595005
8364916 2359917 -1997324 -492155 428856 -1954966 -1599873
18596044 -494988 -378526 2298274 2619567 3199517 856599
12176720 -1588718 -2754685 1222092 262589 -1369502 858062
21874181 1959056 -2394611 -2209231 1267412 -2528493 1705051
4387635 463203 2585114 1740818 2284829 1499471 -991918
17503876 1311072 467585 1521240 1129996 -3073446 87163
10608589 -2604829 -2996406 -3075029 -2551686 -3195405 464125
11593860 -2175034 1703333 -925240 2747817 -3035880 -3160023
3175571 695925 2220249 2918772 1088954 1342521 999393
9042436 -915533 -1919976 -3030244 1344836 1509881 -3069989
10558132 -2838402 -1992665 1335908 1921525 -2648860 1755964
18397340 -154357 -3285364 3141726 -2744622 -117567 1477195
17455005 458654 3017409 -2959088 -2178562 1527235 2069445
11487868 -2924598 -1073822 261355 -1885621 -1961773 -513452
16774495 1752845 -2874777 -352431 -2682210 -2151000 -3069950
1884854 766189 -2196371 -1569896 2774667 1210766 1951923
16269052 -517304 2240696 -205173 1157258 -1389520 1587365
12804519 -1410664 2954767 -1650980 1107140 -2244408 -2138539
439629 688512 83582 -771426 -370435 1992291 2360938
32595345 -1188809 1747113 875824 -1804131 -236167 -1983308
10939214 -2156409 908628 2572853 2167277 -2970346 -2809970
23706420 697867 -586884 1706522 2426333 1322776 2522213
18182768 80815 -917890 3147827 120241 435530 2826868
17483264 -875572 -2317571 1792762 -1610590 -671402 2858488
10042255 -924828 -2570032 -1897122 -476794 -1746493 -271255
63765 2914340 -3095731 -899944 -3168386 36260 -2908405
2896610 3036436 1634332 2082994 2527321 895732 1590721
15441731 2148436 -197780 1419653 2281117 -3135373 2170639
7160054 -238168 2380018 347243 720005 134768 -1626754
26961858 -1738020 -1780579 2919861 -92531 -1233811 -120249
13826786 -2688871 -2345105 -2645580 -2097335 2441512 1747654
28316331 -765270 2714150 -270840 889573 2181481 -2228267
1199868 1946188 -1930991 -1255810 2728967 1270574 -214047
11708821 2421293 -1690783 1928377 1110906 -406688 -1653739
27611427 2322182 -2745144 1468691 2732190 127254 1309096
21418978 2700767 -790373 2639916 -298810 -129718 -2342836
17139571 110183 1835496 -2765848 -144853 -3015070 3254109
31894384 2659375 576730 -2652670 1093179 -2633218 -1646794
24271484 2529634 -691216 3269052 3201821 -1970436 -1612536
9515240 -1475383 -458140 -712040 1153095 779309 978171
27915835 -1193261 238870 1570462 2229153 -1400199 1069478
28197977 2718923 1001019 -1088131 -466588 -3151861 2493555
7629296 -1775547 -873046 -1779827 2473393 -3003766 -3081864
11775438 1752296 2004413 -1011403 784172 3219657 -916514
7870838 -1486191 1556409 -3206185 3147967 1184087 2134122
21511604 -2657551 2364342 1410755 -550593 930962 -545349
25952518 3279975 -579718 2987629 1828333 -2023929 496187
6784277 3154208 2055984 -2024787 1751826 2293284 -1512585
18769356 612713 2075632 2789090 -375436 2878706 2094996
2355928 2622435 3022320 3104006 -2430380 2441266 1171576
28475153 -2276446 1352897 2657468 -328452 -2218074 -1623140
18433871 791526 -2087271 1152872 -886582 -2231026 811017
715255 -1860818 1871638 -1796702 3266070 3278663 -2372270
16763304 134768 -2371067 -1486505 2357449 2228490 -1282380
16909872 -2989786 -1437601 -3114060 -177516 -1533819 2859567
5430140 -2010912 -674379 -1594916 1009061 403890 -810016
22240959 2913895 -272741 -1845774 2372209 -2411705 2282732
23156243 186399 -2866214 -1216942 420150 3201011 -1177980
538190 2354516 980322 564911 2121434 3005864 -1179657
12852909 611158 2199501 -2949032 -3249380 1121785 3025290
5644174 2735807 1189663 1976739 987222 692307 -1124441
10868370 -2661018 2211544 -274616 2662011 446670 -3226155
16588250 -603112 -804226 1848857 -979523 2012939 -2871711
28698700 -145235 -2289237 -1740573 -2545748 2760193 -613545
9918893 -2000976 2060127 2229518 -780634 -2563008 -294366
20863896 -2633162 -1932512 -285058 3243162 1486892 -871983
19684695 1400776 -1217213 -1928348 902207 -3190284 2423263
4463128 -1276034 -3236336 1518171 -2771194 -1532483 -150613
21462276 182423 -2454559 796799 -638959 572965 -1900042
2213868 726898 3005421 -266232 -3106303 263591 -416870
501684 -2609652 721780 736292 -874876 1002224 -1088244
6601700 -2173485 2715216 111784 2401563 1586551 680716
7694196 -2535150 -2884447 1007721 -1863821 1924529 -1079564
29255808 -72901 -1224939 -399856 -2066732 768990 3213235
6512140 -3075202 1507456 198467 -145783 3241320 2385485
7699441 -2123029 2518530 122149 -3088544 -2589947 -2387593
2843959 -865416 -202238 1894880 -491557 2786724 -1226125
27096269 -413604 -2428935 -2364173 -897506 763428 -1391787
31137694 -3220522 1377888 -1419565 310109 -1868246 945302
5328526 2120239 -713327 -2535218 2012138 -3141540 -2027468
30228702 -175524 -2826264 -1933580 2452912 1636722 -2703935
21543467 -1548634 -1547439 -31542 -137704 2200272 2622545
1560093 -2068454 -2684110 1901811 612650 -2901098 -1109336
9498238 -1760856 -246947 664077 224510 1267334 -1600371
24339185 -2611289 57509 -2552708 -2621700 -3162233 -1918027
28512380 586002 1104270 -2704838 1980390 1825505 2904605
28649825 -948463 -974637 2397571 261260 -663046 2369672
30670969 3178144 -1299792 207355 1687429 -1437218 538677
15320729 -1436830 -45736 2240183 -3283665 -2112174 -2934910
8943074 -2235444 -63634 2779940 -2756543 -1306927 1463795
1301378 617149 350961 -720593 217600 -1150710 1584175
1803248 -1412398 3009438 -83740 2053024 1821710 -938391
18162936 929135 2481148 -53436 -3048812 -142318 -3248968
20294259 2690666 -2534121 2389805 -1278516 -1143506 -3000582
265411 1688429 -2314848 2202699 -2201111 -2639203 1582586
28084765 -1291053 2639552 2528723 -612216 1276035 3220884
20641159 -587585 -548187 2602682 -2245939 3002442 -2453495
7710931 -3264924 127231 -727548 1089139 1095361 49693
23652308 1786418 -1266130 201317 714502 2829750 -3289715
14461608 -1474371 -580700 450139 2313546 3014238 1500324
3571222 1986961 -2671494 -1642312 1598925 1239270 -884915
21218761 859635 223873 -997760 -2486105 515732 1147215
7420277 2497035 2972072 -2841869 1578049 2392729 -1224333
13540218 -1439516 -2632230 861789 155171 -1898894 -2053029
26997358 -2653624 -1799706 -518457 1068669 85489 -1740618
6569055 1632629 1648120 949645 -1494574 -2156268 -148251
9760985 -3112717 404568 680147 -1044094 2252020 -2000111
16923860 1779167 2163781 -2211380 141192 1223127 -2431674
21260538 3081963 -427920 1589879 1838544 195854 -3267885
22527454 1603986 -324185 -3171372 -1585431 -2667803 1281759
2112344 -1259506 1909030 -3111761 -858034 476044 -164109
8237344 -1420627 2057863 1495871 461686 65448 -103547
4033024 512871 -2721385 105048 -1944665 -1419911 -848452
31982031 258155 -863406 2379386 2685818 2795996 1509176
20648075 -2993587 -618860 -2658411 676625 2833555 3120140
16542958 1299843 214108 1081319 -66335 -208707 991014
2457707 -2503493 216066 852079 1375415 3101001 -2158209
20568546 941965 2298174 2167352 3231128 1388389 -2275742
23184946 195564 -2624038 -1842846 -3102069 -3201769 -380797
5652263 -1514878 1497106 -2644295 682650 81404 1895579
8267036 -1044603 -150775 2302822 1042642 -1262008 -2906189
17314386 -1365602 -199872 2361804 2217501 -2214643 -1961876
7705728 -720719 2841489 -182864 2888652 -676060 -1827890
25780492 -1656994 -62061 1016290 2282805 -1545165 -2314448
30866275 2613252 1206467 353106 -1492524 -2208579 -2125336
16759117 -651923 -1837464 2728622 1187686 -1321788 -949522
112053 -2320476 -141711 1340030 -1971664 -3079927 -213262
4461039 -1340032 -1101160 -931866 1989201 625490 38025
19584138 2191547 2177765 -1663112 1646892 3068621 816332
32138055 3076103 -1917691 28811 3072573 539231 627224
9332354 3131561 2742804 -408588 -1655537 -1114846 2899300
29398928 465852 -55266 1173135 -2516723 1015869 2966175
15189113 -211795 -682427 -1280625 -823765 -2184160 -887130
17690424 -1915113 -1053134 -1620216 -1168455 -1354543 2034053
14811584 -1811566 -706533 -665207 1488234 1690011 -978783
8379840 3030021 -854612 -1323967 -1248709 -1270286 -1669520
6507794 -2888587 1799806 2601542 -919411 -2850985 388906
20025848 -2913697 -1294178 2852699 -620648 2067332 1325428
19958919 1540645 -692188 890761 1214250 2071989 -949358
17398441 1134718 1651232 2429743 -1988070 -1950043 -932732
16604813 -2889367 495215 -1513456 -1711040 477389 2384202
2255593 1776757 1627208 -605015 1175138 -1397722 1753823
6933018 326279 -1958618 -2354706 -2925803 -3258652 -420157
26296011 -1502449 280127 644160 691228 -2547961 -2145432
24669028 2899223 -3201451 3112132 3137771 2675448 451178
28025748 885525 -3237670 -301067 2147425 2258572 2515755
22757417 -1362060 -1528786 -2527624 -3152769 807637 92701
17551543 -3099595 2634386 -864814 692944 2049832 2045418
19527759 2713594 -543631 2437718 -504623 265041 428980
20052929 3206114 -1732364 3134875 -1426499 -2224078 934153
3102325 350674 2927243 2359511 -1567072 -1421350 2502928
6663534 744688 1977389 746915 1487076 2575266 1389194
20031584 3011780 2060884 -1288529 3245884 -406687 -2842201
9886075 2889897 2363878 12197 673360 644929 868546
22303559 2284809 1716446 3007477 -2936380 -472511 901549
30001153 -1857359 -523933 897528 -877275 -3221400 -385334
29940895 2509126 2115642 -2130989 605132 784464 -1643109
27449609 1923448 -2421987 1340932 -950189 -2256082 1789930
18746032 2151603 -721991 72270 -2923275 2159873 1064255
1347034 -771815 -1662029 2029554 338655 460710 713806
25700534 1599165 -1901052 -1877011 3270671 -3175753 -2614878
22961396 -924527 3017839 1547879 1299037 1125638 -833668
12075921 -1746021 2254211 -150615 3113474 147130 -308402
27326137 1941487 -2305864 -2081841 352046 -1677993 -1122376
9698885 2750431 -1237181 -2178043 2633022 610579 -2519449
18750983 -2685624 1305656 -2183266 -990922 -842927 -1273608
25260691 238167 297204 1636962 3303161 995730 2717746
1842312 -838374 -1304896 -3235635 -2653495 -2695315 2690663
30682438 1204839 1048403 -3202548 -2458990 -903130 979426
31275849 2740867 -2463529 2849214 1380628 1809316 -1664090
6892263 1255171 -2221326 1707164 -208350 1526386 1533742
19877694 636758 -1626717 -2416252 2323796 -1178917 1018375
7730185 1594763 1811611 -887881 1184656 768837 2497507
26136045 -3001109 2084720 -1268568 1602497 -1537223 938768
15449574 -3284357 -1377558 -3269589 2690314 2454660 770031
4721038 2845447 -2546385 -1618799 2948883 -410931 1450530
12787416 2087917 -2495354 346805 -586910 -2573311 2157645
4024745 -2222935 -1140347 465585 -425529 -1797034 627143
10373905 -102927 -2053834 2386306 -1006614 -2234672 946472
23243736 1118824 -1599812 -1686442 2352759 3100727 1370459
28966043 1337564 -2545797 3255199 -1183340 -1654830 718408
21317657 3024911 -1707254 2478575 -1713438 2297572 -353060
3720281 -1066145 -1800798 -1482485 1663663 667579 -1173411
11657526 1347420 -142441 2773265 -1104895 2017358 2245735
4000308 2091699 -662717 -1663810 -1171372 -3237119 -177314
13810037 2389257 2302670 2367050 92760 1148852 2999164
14944727 -1717741 136308 -306522 3124049 -2576087 -1105770
25250511 -2460369 -1796454 -1431904 -1394422 3193000 -1588425
1536732 1923693 160667 1332457 1527985 -2935987 -2546124
13947861 2020435 -34508 1585867 2501798 -1911090 506768
25950668 768628 -629996 -2619011 -1298574 2013668 -3126513
29527030 -33580 -1690991 874331 -2462398 368710 1855004
25142283 -51941 1158303 2499618 -1704822 526782 1974034
7333851 2188557 -2418725 -1992180 948533 -786614 -2141849
1635561 -559050 2895391 -304356 -1297975 -2061331 -1061468
18928212 -3136986 -1457195 1571235 2621633 -1408731 -2373533
6052242 -1046835 2597416 -312807 1614543 -209535 3249210
18817103 1996228 -3216418 -2736572 612579 189815 -404440
8486383 -706189 -1627659 3291854 3166857 -2379078 2187938
4679144 1897920 -1417448 -1682103 -1373918 -2516965 1657900
20167995 -2186316 1051089 -1543747 -275054 1242501 -946748
1870420 -3248865 -902989 988654 2368248 2591153 -2637161
5846567 -1941613 1599056 631407 625620 -2716873 2809448
2409669 830566 -2768534 598654 1429660 -1839100 2507042
13654895 439853 -2671636 2212228 1335306 1582810 -1042170
22983937 -890638 687769 1934694 -1461046 -1083673 342187
30181562 3232392 49828 245400 2816526 -198597 204477
19768171 2652567 -2948767 -2847634 929570 3137111 -1081113
20074126 2597451 2108786 894307 1921594 -1593443 -92553
19901920 3128015 181421 -2856969 -2667465 -2751084 593365
18916161 -2178106 1979275 -3046077 212588 -2695588 1395699
11635819 2325438 -1098356 1973752 1984531 3046511 2061077
16990033 -2860835 -1142088 2592429 -1177710 -1229480 395125
18747626 -2401813 1246461 182480 2783887 -2915908 2005289
27593133 -1961561 2306974 154159 2812871 -3075086 -2002032
31417519 -526117 -3158625 564524 -3061426 1271394 941204
11892914 -2835726 771535 -2716271 -2415548 369780 2110760
23440400 -1932674 -2283694 -2889861 2313269 -1756948 3240388
20885015 -1883130 -1229083 2787356 -2872587 2600584 -1529604
22281079 669169 -1314092 -981528 805866 -1145185 2497929
30110722 2164290 91564 -489250 -1994459 2523954 -2170643
3407770 3077510 252341 -236291 -1159447 1626714 1816991
24280281 -1166237 -2960866 -3238072 -3039123 -1433604 2179419
1418772 -2914538 -1866446 2480213 -2055351 67180 -3280060
4094089 -2101242 1455312 2785875 -1301858 -2155052 -2783262
12375546 2416451 2486200 -1444145 -581630 894831 2748191
13365362 2499900 1240553 -1714097 2183670 2372642 -970852
14991431 -1222427 -1431591 -1378535 -2987337 3071897 17155
23171120 -2863440 2894019 1460787 -2055106 -1493539 412375
12207145 1981252 2597574 52999 -1903760 735113 866805
32642516 2769479 -1272307 -3262907 -565985 -1388115 -1656908
27675618 101935 -1805133 -1677488 -902331 354720 -1699038
26620633 553786 4188 -156979 -1931378 1039372 903535
24532223 3229685 -2222542 -630351 -2209614 2475748 2506601
19441688 -3186588 -1920220 1915652 1985491 -1224377 -457854
8417572 -2097584 -2445517 -1990765 2830680 -273275 -1972743
20530877 -698804 -1205978 1431967 3238601 56516 -1907854
19986935 725500 3079008 2653256 -2653988 1278772 -1469970
20947071 3132504 1103134 647360 -2758135 1836256 -1089448
16687689 -1338115 2198543 -2790883 1402243 548451 986493
32748628 2458162 205403 667442 -1630967 215387 -1488102
4504168 -2393156 2661408 1003949 978607 3118492 -610543
18102971 653583 1156217 2172829 -159051 949809 -463800
26250303 678449 1742881 -88754 3178916 1474100 724448
2454128 2069811 -1082329 -2948280 -1530677 -2679800 104863
6694964 227317 2683169 -2850054 -3165945 2043784 -810463
11702435 2689275 1019979 -2495823 1191392 882262 702937
11161025 -1971586 1939379 2346172 -1051291 -55264 635978
29894105 3241231 -583763 -358817 -1500725 -2115014 -2734571
360292 -410644 -1363536 1630192 -2684391 -401149 3098009
9972281 -2466196 1536111 1431299 -1602923 2582227 -1131130
31812599 207333 2966611 1316385 2603759 3251239 -2964855
3610104 1162847 71591 2067872 -3145903 3272043 -1194867
22950464 642835 2098904 585901 2102941 -2677324 672991
16318959 2931348 1011809 -2839279 -1045216 -2521241 -523591
26044002 3275297 -2834026 1932512 2708068 -2452603 -1562980
14243888 2533272 1021169 -1892517 -3104724 -1953939 2477032
32471378 -400402 -2211111 3230240 2101532 -2659122 -881486
17080412 699891 -417503 -2012864 -1914485 -3183021 -2271433
26268307 3198584 -2907653 -3175420 -1762914 -3108380 457651
14536759 3019219 388652 1600224 -1753821 -1600101 1240946
26108771 -1465858 -1749739 -735912 246638 -443620 856927
1977410 -2901995 2325989 -2427177 -1442207 157269 181238
16015476 2483963 -3179220 1583702 1519820 2381764 -2664984
3522593 825649 -2690392 -1541316 2015612 -740521 -1528386
28042620 -1508485 2103468 -1791301 2775260 2704799 2712566
17428179 1365849 3003156 -3094618 -431891 -2394689 -121813
15952453 1640755 -1303296 -1645229 221578 -2687396 -2576153
14510068 -402051 2229997 -1079040 1416653 -3223399 2528927
11496165 1429159 -1695583 -196920 530626 185724 -2518342
23031654 -2571409 -1046150 2108294 -1968837 2915795 -2383024
6230103 -2658436 973912 -3054888 1436925 -2062168 919374
4192860 2911650 -1600466 2230918 856377 2130253 -468992
17720617 -2120017 -1017357 -1542758 506090 896624 2151703
10551189 -1735209 -2712567 577882 332367 2375895 -484157
12302700 3112697 935087 1045665 -2907433 -1345214 422744
4376567 -173424 595610 -235656 41053 -3208932 -558890
12345335 -1847213 -1731427 -733229 1551252 -1021305 1583741
24235810 2901537 1100389 2797963 2806622 -2777334 -2886112
27144788 -2919741 374566 3301724 -1909077 -1199814 1181165
11386817 -1305980 1572323 399989 -2811983 2366097 2727147
4456841 3136191 1842410 -1947277 3109230 -1730926 735482
17495076 -3119091 -941168 -424776 -2045551 1346074 -2243534
31829584 -1522038 878611 765820 -548457 2609714 2807441
6456048 259169 1672274 -2079231 2715491 -2415964 297396
1390071 62200 1321111 -2684359 -648916 3027718 -1824492
4552485 -2439311 -1187533 -2266819 -1323950 -857707 459244
15918769 -1595501 -1995331 -1001212 1326534 558295 3108573
9041152 -2556763 1295932 -2416919 -1635530 -370420 -1700974
29171707 1584606 616976 879296 -890512 -833021 1324426
15268495 -1266771 277250 -2044943 -3188250 40430 742795
30744353 2991503 -3254011 2079969 2473685 1072429 -236559
31770559 -2723202 3107938 3230190 1851738 -1008764 3103753
22071343 -2486069 2907593 1590741 755782 -622471 -1913366
17346385 657884 1363111 1661721 -1972418 788500 -61245
13186463 2937280 2941107 3138062 198007 1762285 1130148
2562809 1065009 -719357 1674997 -1538031 -858558 -222703
6787505 186826 -2911719 1244168 -2691291 1308643 -1483949
2357358 -2717914 1454842 1768560 -1939447 -1775871 824741
2996823 -3183855 85809 -1332130 404272 -2147445 -826043
14577941 823964 630349 -408285 221874 1732903 274320
24664525 1728171 -2114911 -1169149 270966 -2322729 -1683627
6286165 1234127 -3039451 2195788 3146360 2262175 -3174358
31916927 539775 3164737 2099866 1183431 -809782 763631
18897524 1988352 -1180529 1497239 -640868 -1264284 -924886
21136394 1133560 -892118 1213293 -3120150 603982 -201803
31550369 1733199 3255103 -2447960 153364 -2554774 447420
13280754 343162 -2629973 3239265 1385636 2279537 1039641
8942056 -1788178 1154756 262996 -1127087 3263753 -2402638
30018099 -2809662 -691649 435169 3054376 1089971 -2456013
2145041 -2250900 2333676 -1970505 -493121 998896 1021572
24616088 -507789 -2386518 1793294 2573736 -1146134 2427873
8126521 -1580943 1966208 2029189 838866 -1602672 2766889
30149711 2413443 -2744133 -581210 -2181322 -401413 1000937
13270488 151931 2506426 -645041 -377368 1026454 -646299
349314 1783260 -2282192 -1099715 -1441880 -2117094 1909464
24868025 695056 3024103 2956763 1811804 -402695 -123763
31449255 160567 219380 93266 2010244 675465 -223685
24401485 -2619380 62246 2430716 -3263686 -1755825 -1010094
14562585 1599126 28661 1292457 -1468637 -655543 1246816
7405817 202250 -541460 -238919 1279558 -1161037 1133489
29696966 -1418719 37178 -929041 2095804 -3244497 2240567
10548467 -641728 -638034 2720160 -2247395 -1600427 -1962154
6369311 -1048158 3182034 -3073432 2090968 3235430 -2481689
28323993 3282427 -2694401 2296158 -82431 199372 -158366
27282523 -622913 -1916356 -2601716 -2090162 2546036 -2199578
15767762 -2275666 -1544150 1810825 -1577445 -2073800 -320445
30006628 -1908862 -1703759 -1458646 461810 1360099 189468
9923986 2513466 2183343 -3024328 1606914 1807692 941785
20655008 -1399437 394111 -2348284 -584212 -2838548 -293972
9617082 276200 -370316 -2091336 2652389 1469882 1557586
13040425 -685795 -2649850 -2690180 383052 1615244 -3159591
6886430 3238910 -1222394 1886108 697407 -2552636 -2343067
21043374 512932 -83708 2342606 -435774 2410655 -471418
5998158 -2017242 380344 -1786899 2467600 2009925 -2421528
6163904 1982706 2895620 1630466 988587 2964478 402842
30244557 995202 418817 998346 -2027184 1373823 290054
9134397 -1502676 1276640 -65416 926458 303769 -2721932
18148597 -365343 -2602264 -2106619 -2352738 -311406 2719739
7200744 2614552 -919673 -1820302 -2171412 -652621 2426347
2270761 1634941 956091 -2252674 2522053 47107 3005039
21330151 -1939525 1929688 1972970 -3024621 -247250 1688837
13549218 -324080 -1359583 857836 -258285 958274 686532
14328436 1802041 -2132703 -2802029 49456 -2790706 -950110
6231387 2063886 3205675 -1257627 3210587 304685 222627
6254030 -311392 3092122 858357 -1836539 996745 -2025161
32651605 -3080235 -2839061 2936283 -2540034 -448427 -1851304
13660301 -1503712 1269486 -647615 -2222880 -1425831 89164
12195203 467876 2356268 -744444 -1510555 923242 1319498
9143376 -3072463 -1126894 -2627150 -1503461 -237170 620296
12815742 3091137 -763856 865590 -3073886 829393 1199857
32661426 -489016 -823881 -1266663 -171433 2364133 2316979
28323355 20803 198008 -1200124 3046882 1528735 1420310
28365513 -2070138 2772032 -217875 -1066713 -1370286 -1858700
5503416 1688178 -1350863 -1573133 -1691346 166942 1709094
29465462 -1092327 -60454 1273888 830516 -2663268 523215
23181531 2727228 -654032 -1297098 798214 -2895700 2848047
3291672 -1287818 1011007 574467 2843315 902314 3188587
32593627 821524 2654479 -474746 3020754 -2838329 3259454
11658713 3122485 145577 -1526803 2592418 -860226 -3003522
11759060 -3201356 1969105 1567548 21275 790868 1054563
31294791 628740 95191 1876613 1666493 2015083 615460
8956903 279328 -2910256 -1630433 2056980 301582 -1376732
24065773 1114385 3153189 -903194 -406137 -677808 2874404
10387240 -2367656 -2169588 1457979 707602 2918410 -2892835
27784607 -3129434 -1211858 -490257 -2993692 -1723970 387605
24752719 -1296206 2750439 -1758684 -2597517 -918367 2490487
5292313 -913375 -877927 -41366 1067744 1657774 -2899378
24453432 -1173901 853690 -3200541 -2847105 -2906048 2487127
8836753 2118061 1161571 -1425392 -2348852 -1270152 -1420251
5666195 495255 -572089 365179 -3074517 991583 2949427
4817184 576011 3068954 -1704688 -2236281 -2637649 1156970
3313388 -955413 1505408 2183029 2024864 -559771 -3044593
13401621 -1338760 1127025 -2152164 -121158 3077278 -755439
28234660 82998 1273152 -336811 -1588378 1414894 -904710
7002578 662907 258953 1511745 -1170825 2476116 3119816
24719654 784947 275682 551405 -1205124 -2163043 2293594
25424926 -2208698 1942959 -2894116 -668417 1547158 2036945
12589210 1693189 1822749 1621858 -1466614 -1681085 1670803
16946289 -1130268 -1795493 1179405 -3172345 188077 474350
20192054 917733 1174363 -1152510 -2887454 1213219 -1351938
27162330 1003811 3067268 -505275 -1031871 2954631 -1210748
5180112 -262904 3110403 1757965 -175679 114734 -84716
15466573 1988847 1848025 -2595510 861738 -2026648 2925939
25112166 -42757 -1771370 1213137 -1558120 -1887622 3239635
19529477 2363821 1258788 2072261 -2950475 3005588 -1651951
2621126 814542 -2299514 2757919 -1039333 -1053197 -2251263
12448551 359720 1088404 1695452 2282786 -2219760 700311
2428574 2266438 -1703789 2765051 1830966 2991126 -2053466
10021687 3240008 -2524532 2145028 -1641546 -308008 3142153
4840301 -2533980 -1301272 -1807340 2413603 1906948 1348088
1665232 -537062 -2221759 1737213 -284552 -3126182 -2869716
