100
0 1
1 2
1 3
3 4
3 5
0 6
0 7
7 8
2 9
1 10
10 11
1 12
3 13
2 14
0 15
6 16
14 17
4 18
13 19
9 20
8 21
17 22
4 23
5 24
7 25
23 26
10 27
9 28
7 29
23 30
12 31
27 32
3 33
6 34
15 35
27 36
13 37
12 38
21 39
18 40
8 41
20 42
0 43
9 44
10 45
19 46
42 47
19 48
44 49
29 50
29 51
48 52
45 53
48 54
1 55
51 56
31 57
1 58
54 59
51 60
55 61
28 62
57 63
23 64
6 65
41 66
34 67
57 68
25 69
66 70
43 71
16 72
56 73
71 74
58 75
23 76
27 77
63 78
3 79
12 80
80 81
65 82
56 83
0 84
64 85
52 86
66 87
55 88
10 89
31 90
18 91
28 92
76 93
19 94
76 95
36 96
73 97
8 98
58 99
100
Q 70
A 5 54 84694
Q 2
Q 10
Q 63
Q 97
A 97 55 58549
Q 76
Q 48
A 17 83 27371
Q 29
Q 74
A 41 48 46636
Q 68
Q 97
A 73 87 12659
Q 27
A 29 18 97634
A 52 35 62299
A 84 47 46162
A 3 87 97547
Q 46
A 32 69 30650
A 45 13 87640
A 66 66 39171
A 38 42 120
A 59 24 54951
Q 10
A 15 53 79828
Q 71
A 66 35 86949
A 72 50 96804
Q 7
A 43 24 40964
Q 23
Q 91
Q 61
A 54 57 10245
A 12 81 76938
Q 82
A 49 21 75336
A 0 56 33268
A 38 36 44151
A 87 0 20955
Q 50
Q 17
Q 58
Q 13
Q 5
Q 50
A 72 71 9471
A 11 56 99726
Q 88
Q 31
Q 74
Q 59
Q 46
A 95 76 50069
Q 78
Q 22
A 57 98 48674
Q 81
Q 51
Q 5
Q 10
A 98 13 81427
Q 30
Q 76
Q 55
A 84 10 57703
A 5 18 88980
A 54 13 85263
A 65 76 52244
Q 78
A 12 47 43042
Q 48
Q 77
A 27 80 53125
Q 61
A 70 0 52794
Q 63
Q 35
A 10 63 37427
A 23 49 15022
Q 11
Q 98
A 76 75 70997
A 93 0 26154
Q 87
Q 67
A 77 15 20312
A 80 93 80292
Q 61
Q 20
Q 52
Q 6
A 46 27 58404
Q 22
Q 28
A 74 45 14765
